94.24
94.3707
94.632
94.8932
95.1544
95.4155
95.6766
95.9376
96.1985
96.4593
96.7201
96.9809
97.2415
97.5021
97.7627
98.0232
98.2836
98.5439
98.8042
99.0644
99.3245
99.5846
99.8446
100.104
100.364
100.624
100.883
101.143
101.403
101.662
101.922
102.181
102.44
102.7
102.959
103.218
103.477
103.736
103.995
104.254
104.513
104.771
105.03
105.289
105.547
105.806
106.064
106.322
106.58
106.839
107.097
107.355
107.613
107.87
108.128
108.386
108.644
108.901
109.159
109.416
109.673
109.931
110.188
110.445
110.702
110.95
111.216
111.473
111.73
111.986
112.243
112.5
112.756
113.013
113.269
113.525
113.781
114.038
114.294
114.55
114.805
115.061
115.317
115.573
115.828
116.084
116.33
116.595
116.85
117.105
117.36
117.615
117.87
118.125
118.38
118.635
118.88
119.144
119.399
119.653
119.907
120.162
120.416
120.67
120.924
121.178
121.432
121.686
121.94
122.193
122.447
122.7
122.954
123.207
123.46
123.714
123.967
124.22
124.473
124.726
124.978
125.231
125.484
125.736
125.989
126.241
126.494
126.746
126.998
127.25
127.502
127.754
128.006
128.258
128.5
128.761
129.012
129.264
129.515
129.766
130.017
130.269
130.52
130.771
131.021
131.272
131.523
131.773
132.024
132.274
132.525
132.775
133.025
133.275
133.525
133.775
134.025
134.275
134.524
134.774
135.024
135.273
135.522
135.772
136.021
136.27
136.519
136.768
137.016
137.265
137.514
137.762
138.011
138.25
138.508
138.756
139.004
139.252
139.5
139.748
139.996
140.243
140.491
140.738
140.986
141.233
141.48
141.728
141.975
142.222
142.469
142.715
142.962
143.209
143.455
143.702
143.948
144.194
144.441
144.687
144.933
145.179
145.425
145.67
145.916
146.162
146.407
146.652
146.898
147.143
147.388
147.633
147.878
148.123
148.368
148.612
148.857
149.101
149.346
149.59
149.834
150.078
150.322
150.566
150.81
151.054
151.298
151.541
151.785
152.028
152.271
152.514
152.757
153.001
153.243
153.486
153.729
153.972
154.214
154.457
154.699
154.941
155.183
155.425
155.667
155.9
156.151
156.393
156.634
156.876
157.117
157.359
157.6
157.841
158.082
158.323
158.564
158.805
159.045
159.286
159.526
159.767
160.007
160.247
160.487
160.727
160.967
161.207
161.447
161.686
161.926
162.165
162.404
162.644
162.883
163.122
163.361
163.5
163.838
164.077
164.315
164.554
164.792
165.03
165.268
165.506
165.744
165.982
166.22
166.458
166.695
166.933
167.17
167.407
167.644
167.881
168.118
168.355
168.592
168.829
169.065
169.302
169.538
169.774
170.011
170.247
170.483
170.718
170.954
171.19
171.425
171.661
171.896
172.131
172.367
172.602
172.837
173.072
173.306
173.541
173.775
174.01
174.244
174.479
174.713
174.947
175.181
175.415
175.648
175.882
176.115
176.349
176.582
176.815
177.049
177.282
177.515
177.747
177.98
178.213
178.445
178.678
178.91
179.142
179.374
179.606
179.838
180.07
180.302
180.533
180.765
180.865
180.835
180.805
180.775
180.745
180.715
180.685
180.655
180.625
180.595
180.565
180.535
180.505
180.475
180.445
180.415
180.385
180.355
180.325
180.295
180.265
180.236
180.206
180.176
180.146
180.116
180.086
180.057
180.027
179.997
179.967
179.938
179.908
179.878
179.849
179.819
179.78
179.76
179.73
179.7
179.671
179.641
179.612
179.582
179.552
179.523
179.493
179.464
179.434
179.405
179.375
179.346
179.316
179.287
179.258
179.228
179.199
179.16
179.14
179.111
179.081
179.052
179.023
178.993
178.964
178.935
178.906
178.876
178.847
178.818
178.789
178.75
178.73
178.701
178.672
178.643
178.614
178.585
178.555
178.526
178.497
178.468
178.43
178.41
178.381
178.352
178.323
178.294
178.265
178.236
178.207
178.178
178.14
178.12
178.091
178.063
178.034
178.005
177.976
177.947
177.918
177.88
177.861
177.832
177.803
177.774
177.746
177.717
177.688
177.65
177.631
177.602
177.573
177.545
177.516
177.487
177.459
177.43
177.402
177.373
177.344
177.316
177.287
177.259
177.23
177.202
177.173
177.145
177.116
177.088
177.05
177.031
177.002
176.974
176.946
176.917
176.889
176.86
176.832
176.804
176.775
176.747
176.719
176.691
176.662
176.634
176.606
176.578
176.54
176.521
176.493
176.465
176.437
176.408
176.38
176.352
176.324
176.296
176.268
176.24
176.212
176.184
176.155
176.127
176
176.071
176.043
176.015
175.987
175.95
175.932
175.904
175.876
175.848
175.82
175.792
175.764
175.736
175.708
175.68
175.653
175.625
175.597
175.56
175.541
175.514
175.486
175.458
175.43
175.403
175.375
175.347
175.32
175.292
175.264
175.237
175.209
175.181
175.154
175.126
175.099
175.071
175.043
175.016
174.988
174.961
174.933
174.906
174.878
174.851
174.823
174.796
174.768
174.741
174.714
174.686
174.659
174.631
174.604
174.577
174.54
174.522
174.495
174.467
174.44
174.413
174.385
174.358
174.331
174.304
174.276
174.24
174.222
174.195
174.168
174.14
174.113
174.086
174.059
174.032
174.005
173.978
173.951
173.923
173.896
173.86
173.842
173.815
173.788
173.761
173.734
173.707
173.68
173.653
173.626
173.5
173.572
173.546
173.519
173.492
173.465
173.438
173.411
173.384
173.357
173.331
173.304
173.277
173.25
173.223
173.197
173.17
173.143
173.116
173.09
173.063
173.036
173.01
172.983
172.956
172.93
172.903
172.876
172.85
172.823
172.797
172.77
172.743
172.717
172.69
172.664
172.637
172.611
172.584
172.558
172.531
172.505
172.478
172.452
172.425
172.3
172.373
172.346
172.32
172.293
172.267
172.241
172.214
172.188
172.162
172.135
172.1
172.083
172.057
172.03
172.004
171.978
171.952
171.925
171.8
171.873
171.847
171.821
171.794
171.768
171.742
171.716
171.69
171.664
171.638
171.612
171.585
171.55
171.533
171.507
171.481
171.455
171.42
171.403
171.377
171.351
171.325
171.2
171.273
171.248
171.222
171.196
171.17
171.144
171.118
171.092
171.066
171.04
171.015
170.989
170.963
170.937
170.911
170.886
170.86
170.834
170.808
170.783
170.757
170.731
170.706
170.68
170.654
170.628
170.603
170.577
170.552
170.526
170.5
170.475
170.44
170.424
170.398
170.372
170.347
170.321
170.296
170.27
170.245
170.194
170.168
170.143
170.117
170.092
170.067
170.041
170.016
169.99
169.965
169.94
169.914
169.889
169.863
169.838
169.813
169.788
169.762
169.737
169.712
169.686
169.661
169.636
169.611
169.585
169.56
169.535
169.51
169.485
169.45
169.434
169.4
169.384
169.359
169.334
169.309
169.284
169.258
169.233
169.208
169.183
169.158
169.133
169.108
169.083
169.058
169.033
169.008
168.983
168.958
168.933
168.908
168.883
168.859
168.834
168.809
168.784
168.759
168.734
168.7
168.684
168.66
168.635
168.61
168.585
168.56
168.536
168.511
168.486
168.461
168.436
168.412
168.387
168.362
168.338
168.313
168.288
168.264
168.239
168.214
168.19
168.165
168.14
168.116
168.091
168.067
168.042
168.017
167.993
167.968
167.944
167.91
167.895
167.87
167.846
167.821
167.797
167.772
167.748
167.723
167.6
167.675
167.65
167.626
167.601
167.577
167.553
167.528
167.504
167.48
167.455
167.431
167.407
167.382
167.358
167.334
167.3
167.285
167.261
167.237
167.213
167.188
167.164
167.14
167.116
167.092
167.067
167.043
167.01
166.995
166.971
166.947
166.923
166.898
166.874
166.85
166.826
166.802
166.778
166.754
166.73
166.706
166.682
166.658
166.634
166.61
166.586
166.562
166.538
166.514
166.49
166.466
166.442
166.419
166.395
166.371
166.347
166.323
166.2
166.275
166.252
166.228
166.204
166.18
166.156
166.133
166.109
166.085
166.061
166.038
166.014
165.99
165.966
165.943
165.919
165.895
165.872
165.848
165.824
165.801
165.777
165.753
165.73
165.706
165.683
165.65
165.635
165.612
165.588
165.565
165.541
165.518
165.494
165.471
165.447
165.424
165.4
165.377
165.353
165.33
165.306
165.283
165.26
165.236
165.213
165.18
165.166
165.143
165.11
165.096
165.073
165.04
165.026
165.003
164.97
164.956
164.933
164.9
164.886
164.863
164.84
164.816
164.793
164.77
164.747
164.724
164.7
164.677
164.654
164.631
164.608
164.585
164.561
164.538
164.515
164.492
164.469
164.446
164.423
164.4
164.377
164.354
164.331
164.308
164.285
164.262
164.239
164.216
164.193
164.17
164.147
164.124
164.101
164.078
164.055
164.032
164
163.986
163.963
163.94
163.918
163.895
163.872
163.84
