1814.64
1816.46
1818.27
1820.08
1821.9
1823.71
1825.51
1829.13
1832.74
1834.55
1836.35
1838.15
1839.96
1841.76
1843.56
1845.35
1847.15
1848.95
1850.74
1852.54
1854.33
1856.13
1857.92
1859.71
1861.5
1863.29
1865.08
1866.86
1868.65
1870.44
1872.22
1874
1875.78
1877.57
1879.35
1881.13
1882.9
1884.68
1886.46
1888.23
1890.01
1891.78
1893.55
1895.33
1897.1
1898.87
1900.63
1902.4
1904.17
1905.93
1907.7
1909.46
1911.23
1912.99
1914.75
1916.51
1918.27
1920.03
1921.78
1923.54
1925.2
1927.05
1928.8
1930.55
1932.3
1934.05
1935.8
1937.55
1939.3
1941.04
1942.79
1944.53
1946.28
1948.02
1949.76
1951.5
1953.24
1954.98
1956.71
1958.45
1960.18
1961.92
1963.65
1965.38
1967.12
1968.85
1970.58
1972.3
1974.03
1975.76
1977.48
1979.21
1980.93
1982.65
1984.37
1986.1
1987.81
1989.53
1991.25
1992.97
1994.68
1996.4
1998.11
1999.82
2001.53
2003.24
2004.95
2006.66
2008.37
2010.08
2011.78
2013.49
2015.1
2016.8
2018.5
2021
2023.6
2025.3
2027.09
2028.78
2030.48
2032.17
2033.86
2035.56
2037.25
2038.94
2040.62
2042.31
2044
2045.68
2047.37
2049.05
2050.73
2052.42
2054.1
2055.78
2057.45
2059.13
2060.81
2062.48
2064.16
2065.83
2067.51
2069.18
2070.85
2072.52
2074.19
2075.85
2077.52
2079.19
2080.85
2082.51
2084.18
2085.84
2087.5
2089.16
2090.82
2092.47
2094.13
2095.79
2097.44
2099
2100.75
2102.4
2104.05
2105.7
2107.35
2108
2110.64
2112.29
2113.93
2115.57
2117.22
2118.86
2120.5
2122.14
2123.78
2125.41
2127.05
2128.68
2130.32
2131.95
2133.59
2135.22
2136.85
2138.48
2140.1
2141.73
2143.36
2144.98
2146.61
2148.23
2149.85
2151.47
2153.1
2154.71
2156.33
2157.95
2159.57
2161.18
2162.8
2164.41
2166.02
2167.63
2169.24
2170.85
2172.46
2174.07
2175.67
2177.28
2178.88
2180.49
2182.09
2183.69
2185.29
2186.89
2188.49
2190.08
2191.68
2193.27
2196.46
2198.05
2201.23
2202.82
2204.41
2206
2207.58
2209.17
2210.75
2212.34
2213.92
2215.5
2217.08
2218.66
2220.23
2221.81
2223.39
2224.96
2226.54
2228.11
2229.68
2231.25
2232.82
2234.39
2235.96
2237.52
2239.09
2242.22
2243.78
2246.9
2248.46
2251.58
2253.14
2256.25
2257.8
2260.9
2262.45
2265.55
2267.1
2268.65
2270.1
2271.74
2274.82
2276.36
2277.9
2279.44
2280.98
2282.52
2284.05
2285.59
2287.12
2288.66
2290.19
2291.72
2293.25
2294.78
2296.31
2297.84
2299.36
2300.89
2302.41
2303.93
2305.46
2306.98
2308.5
2310.02
2311.53
2313.05
2314.57
2316.08
2317.6
2319.11
2320.62
2322.13
2323.64
2325.15
2326.66
2328.17
2329.67
2331.18
2332.68
2334.18
2335.69
2337.19
2338.69
2340.19
2341.68
2343.18
2344.68
2346.17
2347.67
2349.16
2350.65
2352.14
2353.63
2355.12
2356.61
2358
2359.58
2361.06
2362.55
2364.03
2365.51
2366
2368.47
2369.95
2371.43
2372.9
2374.38
2375.86
2377.33
2378.8
2380.27
2381.74
2383.21
2384.68
2386.15
2387.62
2387.98
2387.23
2386.4
2385.75
2384.26
2383.52
2382.78
2382.04
2381.3
2380.56
2379.82
2379.09
2378.35
2377.61
2376.87
2376.14
2375.4
2374.67
2373.93
2373.2
2372.47
2371.73
2371
2370.27
2369.54
2368.8
2368.07
2367.34
2366.61
2365.89
2365.16
2364.43
2363.7
2362.25
2361.52
2360.8
2360.07
2359.35
2357.9
2357.17
2356.45
2355.73
2355.01
2354.29
2353.57
2352.85
2352.13
2351.41
2350.69
2349.97
2349.25
2348.54
2347.82
2347.1
2346.39
2345.67
2344.96
2343.53
2342.81
2342.1
2341.39
2340.68
2339.97
2339.25
2338.54
2337.83
2337.12
2336.42
2335.71
2335
2334.2
2333.58
2332.88
2332.17
2331.47
2330.76
2330.06
2329.35
2328.65
2327.94
2327.24
2326.54
2325.84
2325.13
2324.43
2323.73
2323.03
2322.33
2321.63
2320.94
2320.24
2319.54
2318.84
2318.15
2317.45
2316.75
2316.06
2315.36
2314.67
2313.97
2313.28
2312.59
2311.9
2311.2
2310.51
2309.82
2309.13
2308.44
2307.75
2307.06
2306.37
2305.68
2305
2304.31
2303.62
2302.93
2302.25
2301.56
2300.88
2300.1
2299.51
2298.82
2298.14
2297.46
2296.77
2296
2295.41
2294.73
2294.05
2293.37
2292.69
2292.01
2291.33
2290.65
2289.97
2289.3
2288.62
2287.94
2287.27
2286.5
2285.92
2285.24
2284.57
2283.8
2283.22
2282.55
2281.87
2281.2
2280.53
2279.86
2279.19
2278.52
2277.85
2277.18
2276.51
2275.84
2275.17
2274.5
2273.83
2273.17
2272.5
2271.84
2271.17
2270.5
2269.84
2269.18
2268.51
2267.85
2267.18
2266.52
2265.86
2265.2
2264.54
2263.88
2263.22
2262.56
2261.9
2261.24
2260.58
2259.92
2259.26
2258.61
2257.95
2257.2
2256.64
2255.98
2255.32
2254.67
2254.02
2253.36
2252.71
2252.05
2250.75
2250.1
2248.8
2248.14
2247.4
2246.84
2245.55
2244.9
2244.25
2243.6
2242.96
2242.31
2241.66
2241.02
2240.37
2239.73
2239.08
2238.44
2237.7
2236.51
2235.86
2235.22
2234.58
2233.94
2232.66
2231.38
2230.74
2229.46
2228.82
2228.18
2226.91
2226.27
2225.64
2225
2224.37
2223.73
2223.1
2222.46
2221.83
2221.2
2220.56
2219.93
2219.3
2218.67
2218.04
2217.41
2216.78
2216.15
2215.52
2214.89
2214.26
2213.63
2213
2212.38
2211.75
2211.12
2210.5
2209.87
2209.24
2208.62
2207
2207.37
2206.75
2206.12
2205.5
2204.88
2204.25
2203.63
2203.01
2202.3
2201.77
2201.15
2200.53
2199.91
2199.2
2198.67
2198.05
2197.44
2196.82
2196.2
2195.58
2194.97
2194.35
2193.74
2193.12
2192.51
2191.8
2191.28
2190.66
2190.05
2189.44
2188.83
2188.21
2187.6
2186
2186.38
2185.77
2185.16
2184.55
2183.94
2183.33
2182.72
2182.11
2180.9
2180.2
2179.68
2179.08
2178.47
2177.26
2176.66
2176.05
2175.45
2174.84
2174.24
2173.64
2173.04
2172.43
2171.83
2171.23
2170.63
2169.43
2168.83
2168.23
2167.63
2167.03
2166.43
2165.83
2165.24
2164.04
2163.45
2162.85
2162.25
2161.66
2161.06
2160.47
2159.28
2158.69
2157.5
2156.91
2155.73
2155.13
2154.54
2153.95
2153.36
2152.77
2152.18
2151.01
2150.42
2149.83
2149.24
2148.65
2148.07
2147.48
2146.9
2146.31
2145.72
2145.14
2144.55
2143.97
2143.39
2142.8
2142.22
2141.64
2141.05
2140.47
2139.89
2139.31
2138.73
2138.15
2137.57
2136.99
2136.41
2135.83
2135.25
2134.67
2134
2133.51
2132.94
2132.36
2131.78
2131.21
2130.63
2130.05
2129.48
2128.9
2128.33
2127.75
2127.18
2126.61
2126.03
2125.46
2124.89
2124.32
2123.74
2123.17
2122.6
2122.03
2121.46
2120.8
2120.32
2119.75
2119.18
2118.61
2118.05
2117.48
2116.91
2116.34
2115.78
2115.21
2114.64
2114.08
2113.51
2112.38
2111.82
2110.69
2110.13
2109
2108.44
2107.31
2106.75
2106.1
2105.63
2105.07
2104.51
2103.95
2103.3
2102.83
2102.27
2101.71
2101.16
2100.6
2100.04
2099.48
2098.93
2097.82
2097.26
2096.15
2095.6
2094.49
2093.93
2092.83
2092.27
2091.17
2090.62
2089.52
2088.97
2088.42
2087.87
2087.32
2086.77
2086.22
2085.67
2085.12
2084.57
2084.03
2083.48
2082.93
2082.38
2081.84
2081.2
2080.75
2080.2
2079.66
2079.11
2078.57
2078.02
2077.48
2076.94
2076.3
2075.85
2075.31
2074.77
2074.22
2073.68
2073.14
2072.6
2072.06
2071.52
2070.98
2070.44
2069.9
2069.36
2068.83
2068.29
2067.75
2067.21
2066.68
2066.14
2065.6
2065.07
2064.53
2063
2063.46
2062.92
2062.39
2061.86
2061.32
2060.79
2060.25
2059.72
2059.19
2058.66
2058.12
2057.5
2057.06
2056.53
2056
2055.47
2054.41
2053.88
2053.35
2052.82
2051.76
2051.24
2050.71
2050.18
2049.65
2049.13
2048.6
2048.08
2047.55
2047.02
2046.5
2045.97
2045.45
2044.4
2043.88
2042.83
2042.31
2041.27
2040.74
2039.7
2039.18
2038.14
2037.62
2036.58
2036.06
2035.54
2034.51
2033.99
2033.47
2032.96
2032.44
2031.92
2031.41
2030.8
2030.37
2029.86
2029.34
2028.83
2028.32
2027.8
2027.29
2026.77
2026.26
2025.75
2025.24
2024.72
2024.21
2023.7
2023.19
2022.68
2022.17
2021.66
2021.15
2020.64
2020.13
2019.62
2019.11
2018.6
2018
2017.58
2017.08
2016.57
2016.06
2015.55
2015.05
2014.54
2014.04
2013.53
2013.02
2012.52
2012.01
2011.51
2011.01
2010.5
2010
2009.4
2008
2008.49
2007.99
2007.48
2006.98
2006.48
2005.98
2004.98
2003.98
2003.48
2002.98
2002.48
2001.98
2001.48
2000.98
2000.48
1999.99
1999.49
1998
1998.5
1998
1997.5
1997.01
1996.51
1996.02
1995.52
1995.03
