214.8
215.024
215.238
215.453
215.667
215.882
216.096
216.31
216.951
217.165
217.379
217.592
217.805
218.018
218.231
218.444
218.657
218.87
219.082
219.295
219.507
219.71
219.932
220.144
220.355
220.567
220.779
220.99
221.202
221.413
221.624
221.836
222.047
222.257
222.468
222.679
222.88
223.1
223.31
223.52
223.73
223.94
224.15
224.36
224.56
224.779
224.988
225.197
225.406
225.615
225.824
226.033
226.242
226.45
226.659
226.867
227.075
227.283
227.491
227.6
227.907
228.115
228.322
228.53
228.737
228.944
229.151
229.358
229.565
229.771
229.978
230.184
230.391
230.597
230.803
231
231.215
231.421
231.626
231.832
232.037
232.243
232.448
232.653
232.858
233.063
233.267
233.472
233.676
233.881
234.085
234.28
234.493
234.697
234.901
235.105
235.308
235.511
235.715
235.918
236.121
236.324
236.527
236.73
236.932
237.135
237.337
237.53
237.741
237.943
238.145
238.347
238.549
238.75
238.952
239.153
239.555
239.756
239.957
240.158
240.358
240.559
240.75
240.95
241.15
241.35
241.55
241.75
241.959
242.158
242.358
242.557
242.756
242.955
243.154
243.353
243.552
243.75
243.949
244.147
244.345
244.543
244.741
244.93
245.137
245.335
245.532
245.73
245.927
246.124
246.321
246.518
246.715
246.912
247.108
247.305
247.501
247.697
247.893
248.08
248.285
248.481
248.676
248.872
249.067
249.262
249.458
249.653
249.848
250.042
250.237
250.432
250.626
250.82
251.014
251.209
251.402
251.596
251.79
251.984
252.177
252.37
252.564
252.757
252.95
253.143
253.335
253.528
253.721
253.913
254.105
254.297
254.48
254.681
254.873
255.065
255.256
255.448
255.63
255.83
256.021
256.212
256.403
256.594
256.785
256.975
257.165
257.356
257.546
257.736
257.926
258.116
258.305
258.495
258.684
258.873
259.063
259.252
259.441
259.62
260.007
260.195
260.383
260.76
260.948
261.136
261.323
261.511
261.698
261.886
262.073
262.26
262.447
262.634
262.821
263.008
263.194
263.38
263.567
263.753
263.93
264.125
264.311
264.496
264.682
264.868
265.053
265.238
265.608
265.793
266.162
266.531
266.716
267.084
267.268
267.451
267.819
268.002
268.368
268.552
268.734
268.917
269.1
269.465
269.647
269.83
270.012
270.194
270.376
270.557
270.739
270.92
271.102
271.283
271.464
271.645
271.826
272.007
272.188
272.368
272.548
272.729
272.909
273.08
273.269
273.449
273.628
273.808
273.988
274.167
274.346
274.525
274.704
274.883
275.062
275.24
275.419
275.597
275.776
275.954
276.132
276.31
276.487
276.665
276.843
277.02
277.197
277.375
277.552
277.729
277.905
278.082
278.259
278.435
278.612
278.788
278.964
279.14
279.316
279.492
279.667
279.843
280.018
280.193
280.368
280.544
280.718
280.893
281.068
281.242
281.417
281.591
281.765
281.93
282.113
282.287
282.461
282.635
282.677
282.58
282.501
282.413
282.238
282.15
282.062
281.975
281.887
281.8
281.712
281.625
281.538
281.45
281.363
281.276
281.189
281.102
281.015
280.928
280.841
280.754
280.668
280.581
280.494
280.408
280.321
280.235
280.149
280.062
279.976
279.89
279.804
279.632
279.546
279.46
279.374
279.288
279.202
279.031
278.946
278.86
278.775
278.68
278.604
278.519
278.434
278.348
278.263
278.178
278.093
278.008
277.924
277.839
277.754
277.66
277.585
277.5
277.331
277.247
277.163
277.078
276.994
276.91
276.826
276.742
276.658
276.574
276.49
276.406
276.322
276.239
276.155
276.071
275.988
275.904
275.821
275.738
275.654
275.571
275.488
275.405
275.321
275.238
275.155
275.073
274.99
274.907
274.824
274.741
274.659
274.576
274.494
274.411
274.329
274.246
274.164
274.082
274
273.917
273.835
273.753
273.671
273.58
273.507
273.426
273.344
273.262
273.18
273.099
273.017
272.936
272.854
272.773
272.692
272.61
272.52
272.448
272.367
272.286
272.205
272.124
272.043
271.962
271.881
271.8
271.72
271.63
271.559
271.478
271.398
271.317
271.237
271.156
271.076
270.996
270.916
270.836
270.756
270.676
270.596
270.516
270.436
270.356
270.277
270.197
270.117
270.038
269.958
269.879
269.7
269.72
269.641
269.561
269.482
269.403
269.324
269.245
269.166
269.087
269.008
268.92
268.85
268.772
268.693
268.614
268.536
268.457
268.379
268.3
268.222
268.143
268.065
267.987
267.909
267.831
267.753
267.675
267.597
267.519
267.441
267.363
267.285
267.207
267.13
267.052
266.975
266.897
266.82
266.742
266.665
266.588
266.51
266.356
266.279
266.125
266.048
265.971
265.894
265.74
265.664
265.587
265.51
265.434
265.357
265.281
265.204
265.128
265.052
264.976
264.8
264.747
264.671
264.595
264.519
264.443
264.367
264.216
264.064
263.989
263.837
263.762
263.686
263.536
263.46
263.385
263.31
263.235
263.16
263.085
263.01
262.935
262.86
262.785
262.71
262.635
262.561
262.486
262.412
262.337
262.262
262.188
262.114
262.03
261.965
261.891
261.816
261.742
261.668
261.594
261.52
261.446
261.372
261.298
261.224
261.15
261.077
261.003
260.92
260.856
260.782
260.709
260.635
260.562
260.488
260.415
260.342
260.268
260.195
260.122
260.049
259.976
259.903
259.83
259.757
259.684
259.611
259.538
259.466
259.393
259.32
259.248
259.175
259.103
259.03
258.958
258.886
258.813
258.741
258.669
258.597
258.524
258.452
258.38
258.308
258.236
258.092
258.021
257.949
257.877
257.806
257.662
257.591
257.51
257.448
257.376
257.305
257.234
257.162
257.091
257.02
256.949
256.878
256.736
256.665
256.594
256.523
256.452
256.381
256.311
256.24
256.099
256.028
255.957
255.887
255.817
255.746
255.676
255.535
255.465
255.325
255.255
255.115
255.045
254.975
254.905
254.835
254.765
254.696
254.556
254.487
254.417
254.348
254.278
254.209
254.13
254.07
254.001
253.931
253.862
253.793
253.724
253.655
253.586
253.517
253.448
253.379
253.31
253.241
253.172
253.104
253.035
252.966
252.898
252.82
252.761
252.692
252.624
252.555
252.487
252.419
252.35
252.282
252.214
252.146
252.078
252
251.941
251.873
251.806
251.738
251.67
251.602
251.534
251.466
251.399
251.331
251.264
251.196
251.128
251.061
250.994
250.926
250.859
250.791
250.724
250.657
250.59
250.523
250.455
250.388
250.321
250.254
250.187
250.054
249.987
249.853
249.787
249.653
249.587
249.52
249.387
249.321
249.254
249.188
249.122
249.056
248.98
248.923
248.857
248.791
248.725
248.659
248.593
248.527
248.461
248.395
248.264
248.198
248.067
248.001
247.87
247.804
247.674
247.608
247.478
247.412
247.282
247.217
247.152
247.087
247.022
246.957
246.892
246.827
246.762
246.697
246.632
246.568
246.503
246.438
246.374
246.309
246.244
246.18
246.115
246.051
245.987
245.922
245.858
245.794
245.72
245.665
245.601
245.537
245.473
245.409
245.345
245.281
245.217
245.153
245.08
245.025
244.962
244.898
244.834
244.77
244.707
244.643
244.58
244.516
244.453
244.38
244.326
244.263
244.1
244.136
244.073
244
243.946
243.883
243.82
243.757
243.694
243.631
243.568
243.505
243.442
243.37
243.317
243.254
243.129
243.066
243.003
242.941
242.816
242.753
242.691
242.628
242.566
242.504
242.442
242.37
242.317
242.255
242.193
242.131
242.069
241.945
241.883
241.759
241.635
241.574
241.45
241.389
241.265
241.204
241.081
241.01
240.958
240.897
240.774
240.713
240.652
240.59
240.52
240.468
240.407
240.346
240.285
240.224
240.163
240.102
240.041
239.981
239.92
239.85
239.798
239.738
239.677
239.617
239.556
239.495
239.435
239.374
239.314
239.254
239.193
239.133
239.073
239.012
238.952
238.892
238.832
238.772
238.712
238.652
238.592
238.532
238.472
238.412
238.352
238.292
238.232
238.173
238.113
238.053
237.994
237.934
237.874
237.815
237.755
237.696
237.636
237.577
237.518
237.458
237.3
237.281
237.162
237.103
237.044
236.985
236.926
236.867
236.808
236.74
236.69
236.631
236.572
236.514
236.455
236.396
236.337
236.279
236.22
236.162
