0
1.16223
3.48142
5.79532
8.10915
10.4229
12.7366
15.0503
17.3639
19.6774
21.99
24.3043
26.6177
28.93
31.2442
33.5573
35.8704
38.1833
40.4963
42.8091
45.1219
47.4345
49.7471
52.0596
54.3721
56.6844
58.9967
61.3088
63.62
65.9329
68.2448
70.5566
72.8683
75.1799
77.4914
79.8028
82.1141
84.4253
86.7364
89.0473
91.3582
93.669
95.9796
98.2902
100.6
102.91
105.221
107.531
109.841
112.15
114.46
116.77
119.07
121.389
123.698
126.007
128.316
130.625
132.933
135.242
137.55
139.858
142.167
144.474
146.782
149.09
151.398
153.705
156.012
158.31
160.626
162.933
165.24
167.546
169.852
172.158
174.464
176.77
179.076
181.381
183.687
185.992
188.297
190.602
192.906
195.211
197.515
199.81
202.123
204.427
206.73
209.034
211.337
213.64
215.943
218.245
220.548
222.85
225.152
227.454
229.756
232.057
234.358
236.66
238.96
243.562
245.862
248.162
250.462
252.761
255.061
257.36
259.659
261.958
264.256
266.554
268.852
271.15
273.448
275.745
278.043
280.34
282.636
284.933
287.22
289.525
291.821
294.117
296.412
301.002
303.296
305.591
307.885
312.472
314.766
319.352
321.644
326.229
328.52
333.103
335.394
337.685
339.976
342.266
344.556
346.846
349.135
351.424
353.713
358.29
360.578
362.866
365.153
367.44
369.727
372.014
374.3
376.586
378.872
381.158
383.443
385.728
388.012
390.297
392.581
394.864
397.148
399.431
401.713
403.996
406.278
408.56
410.842
413.123
415.404
417.684
419.965
422.245
424.524
426.804
429.083
431.361
433.64
435.918
438.195
440.473
442.75
445.027
447.303
449.579
451.855
454.13
456.405
458.68
460.954
463.228
465.502
467.775
470.048
472.321
474.593
479.137
481.408
485.94
488.21
490.48
495.028
499.565
501.833
504.1
506.368
508.635
510.901
513.167
515.433
517.698
519.963
522.228
524.492
526.756
529.02
531.283
533.545
535.808
538.07
540.331
542.592
547.114
549.374
551.633
553.892
556.151
558.4
560.667
562.925
565.182
567.43
569.695
571.951
574.207
576.462
578.717
580.971
583.225
585.478
587.731
589.984
592.236
594.488
596.74
598.991
601.241
603.491
605.741
607.99
610.239
612.487
614.735
616.983
619.23
621.476
623.723
625.968
628.214
630.459
634.947
637.191
639.434
641.676
643.918
646.16
648.401
650.642
652.883
655.123
657.362
659.601
661.84
664.078
666.315
668.552
670.78
673.025
675.261
677.496
679.731
681.965
684.1
686.433
688.666
690.898
693.13
695.361
697.592
699.823
702.053
704.282
706.511
708.74
710.968
715.423
717.64
722.101
724.326
726.551
730.998
733.221
735.444
737.666
739.888
742.109
744.32
746.54
748.769
750.988
753.206
755.424
757.642
759.859
762.075
764.291
766.507
768.722
770.936
775.363
777.576
782
784.211
788.632
790.841
793.05
794.155
794.155
794.154
794.154
794.154
794.153
794.153
794.153
794.152
794.152
794.152
794.151
794.151
794.151
794.15
794.15
794.15
794.14
794.14
794.149
794.149
794.148
794.148
794.148
794.148
794.147
794.147
794.147
794.146
794.146
794.146
794.146
794.145
794.145
794.145
794.145
794.144
794.144
794.144
794.144
794.143
794.143
794.143
794.143
794.142
794.142
794.142
794.142
794.141
794.141
794.141
794.14
794.14
794.14
794.14
794.13
794.13
794.139
794.139
794.138
794.138
794.138
794.138
794.137
794.137
794.137
794.137
794.136
794.136
794.136
794.135
794.135
794.135
794.135
794.134
794.134
794.134
794.134
794.133
794.133
794.133
794.133
794.132
794.132
794.132
794.132
794.131
794.131
794.131
794.131
794.13
794.13
794.13
794.13
794.12
794.129
794.128
794.128
794.127
794.127
794.127
794.126
794.126
794.125
794.125
794.125
794.124
794.124
794.124
794.123
794.123
794.122
794.122
794.122
794.121
794.121
794.121
794.12
794.12
794.12
794.11
794.11
794.11
794.119
794.118
794.118
794.118
794.118
794.117
794.117
794.117
794.117
794.116
794.116
794.116
794.116
794.115
794.115
794.115
794.115
794.114
794.114
794.114
794.114
794.113
794.113
794.113
794.113
794.112
794.112
794.112
794.112
794.111
794.111
794.111
794.111
794.11
794.11
794.11
794.11
794.1
794.109
794.108
794.108
794.108
794.108
794.107
794.107
794.107
794.106
794.106
794.106
794.105
794.105
794.105
794.105
794.104
794.104
794.104
794.104
794.103
794.103
794.103
794.103
794.102
794.102
794.102
794.102
794.101
794.101
794.101
794.101
794.1
794.1
794.1
794.1
794
794
794.099
794.099
794.098
794.098
794.098
794.098
794.097
794.097
794.097
794.097
794.096
794.096
794.096
794.096
794.095
794.095
794.095
794.095
794.094
794.094
794.094
794.094
794.093
794.093
794.093
794.093
794.092
794.092
794.092
794.092
794.091
794.091
794.091
794.091
794.09
794.09
794.09
794.09
794.08
794.08
794.089
794.089
794.088
794.088
794.088
794.088
794.087
794.087
794.087
794.087
794.086
794.086
794.086
794.086
794.085
794.085
794.085
794.085
794.084
794.084
794.084
794.084
794.083
794.083
794.083
794.083
794.082
794.082
794.082
794.081
794.081
794.08
794.08
794.08
794.08
794.07
794.079
794.079
794.078
794.078
794.078
794.078
794.077
794.077
794.077
794.077
794.076
794.076
794.076
794.076
794.075
794.075
794.075
794.075
794.074
794.074
794.074
794.073
794.073
794.073
794.072
794.072
794.072
794.071
794.071
794.07
794.07
794.07
794.06
794.069
794.069
794.068
794.068
794.068
794.068
794.067
794.067
794.067
794.067
794.067
794.066
794.066
794.066
794.066
794.065
794.065
794.065
794.065
794.064
794.064
794.064
794.064
794.063
794.063
794.063
794.063
794.062
794.062
794.062
794.062
794.061
794.061
794.061
794.061
794.06
794.06
794.06
794.06
794.05
794.05
794.05
794.059
794.059
794.058
794.058
794.058
794.058
794.057
794.057
794.057
794.057
794.056
794.056
794.056
794.056
794.055
794.055
794.055
794.055
794.054
794.054
794.053
794.053
794.053
794.052
794.052
794.052
794.052
794.052
794.051
794.051
794.051
794.051
794.05
794.05
794.05
794.05
794.04
794.04
794.049
794.048
794.048
794.048
794.048
794.047
794.047
794.047
794.046
794.046
794.046
794.046
794.046
794.045
794.045
794.045
794.045
794.044
794.044
794.044
794.043
794.043
794.042
794.042
794.042
794.042
794.041
794.041
794.041
794.041
794.04
794.04
794.04
794.04
794.03
794.03
794.039
794.039
794.038
794.038
794.038
794.038
794.037
794.037
794.037
794.037
794.037
794.036
794.036
794.036
794.036
794.035
794.035
794.035
794.035
794.034
794.034
794.034
794.034
794.033
794.033
794.033
794.033
794.033
794.032
794.032
794.032
794.032
794.031
794.031
794.031
794.031
794.03
794.03
794.03
794.03
794.02
794.02
794.029
794.029
794.029
794.028
794.028
794.028
794.027
794.027
794.027
794.026
794.026
794.026
794.026
794.026
794.025
794.025
794.025
794.025
794.024
794.024
794.024
794.024
794.023
794.023
794.023
794.023
794.022
794.022
794.022
794.022
794.022
794.021
794.021
794.021
794.02
794.02
794.02
794.02
794.01
794.01
794.019
794.019
794.018
794.018
794.018
794.018
794.017
794.017
794.017
794.017
794.016
794.016
794.016
794.015
794.015
794.015
794.015
794.015
794.014
794.014
794.014
794.014
794.013
794.013
794.013
794.013
794.013
794.012
794.012
794.012
794.012
794.011
794.011
794.011
794.011
794.01
794.01
794.01
794.01
794.01
794
794
794.009
794.009
794.008
794.008
794.008
794.008
794.007
794.007
794.007
794.007
794.007
794.006
794.006
794.006
794.006
794.005
794.005
794.005
794.004
794.003
794.003
794.003
794.002
794.002
794.002
794.002
794.002
794.001
794.001
794.001
794.001
794
794
794
794
793
793
793
793.999
793.999
793.998
793.998
793.998
793.998
793.997
793.997
793.997
793.997
793.997
793.996
793.996
