0
0.13758
0.412115
0.686022
0.959923
1.23381
1.5077
1.78158
2.05546
2.32932
2.60318
2.87703
3.15087
3.42471
3.69853
3.97235
4.24616
4.51996
4.79375
5.06754
5.34131
5.61507
5.88883
6.16257
6.43631
6.71003
6.98374
7.25745
7.53114
7.80482
8.0784
8.35215
8.6258
8.89943
9.17306
9.44667
9.72027
9.99386
10.2674
10.541
10.8145
11.088
11.3616
11.6351
11.9086
12.1821
12.4555
12.729
13.0024
13.2758
13.5493
13.8227
14.096
14.3694
14.6428
14.9161
15.1894
15.4627
15.736
16.0093
16.2825
16.5558
16.829
17.1022
17.3754
17.6486
17.9217
18.1949
18.468
18.7411
19.0142
19.2872
19.5603
19.8333
20.1063
20.3793
20.6523
20.9252
21.1982
21.4711
21.744
22.0168
22.2897
22.5625
22.8353
23.1081
23.3809
23.6536
23.9264
24.1991
24.4718
24.7444
25.0171
25.2897
25.5623
25.8349
26.1074
26.37
26.6525
26.924
27.1974
27.4698
27.7422
28.0146
28.287
28.5593
29.103
29.3762
29.6485
29.9207
30.1929
30.465
30.7372
31.0093
31.2814
31.5534
31.8255
32.0975
32.3695
32.6414
32.9134
33.1853
33.4571
33.729
34.0008
34.2726
34.5444
34.8161
35.0878
35.3595
35.9028
36.1744
36.445
36.7175
37.2605
37.531
38.0747
38.3461
38.8887
39.16
39.7024
39.9736
40.2447
40.5158
40.7869
41.057
41.328
41.5
41.8709
42.1418
42.6835
42.9543
43.2251
43.4958
43.7666
44.0372
44.3079
44.5785
44.8491
45.1196
45.3901
45.6606
45.931
46.2014
46.4718
46.7421
47.0124
47.2827
47.552
47.8231
48.0933
48.3634
48.6335
48.9035
49.1735
49.4435
49.7134
49.9833
50.2532
50.523
50.7928
51.0625
51.3322
51.6019
51.8715
52.1411
52.4106
52.6801
52.9496
53.219
53.4884
53.7578
54.0271
54.2963
54.5656
54.8347
55.1039
55.373
55.6421
55.9111
56.1801
56.449
56.9868
57.2556
57.7931
58.0618
58.3304
58.8676
59.4046
59.673
59.9414
60.2097
60.478
60.7463
61.0145
61.2827
61.5508
61.8189
62.0869
62.3549
62.6228
62.8907
63.1586
63.4264
63.6941
63.9618
64.2295
64.4971
65.0322
65.2997
65.5671
65.8345
66.1018
66.3691
66.6364
66.9036
67.1707
67.4378
67.7049
67.9719
68.2388
68.5057
68.7726
69.0394
69.3061
69.5728
69.8395
70.1061
70.3727
70.6392
70.9056
71.172
71.4384
71.7047
71.971
72.2372
72.5033
72.7694
73.0355
73.3015
73.5674
73.8333
74.0991
74.364
74.6307
74.8964
75.4276
75.6931
75.9586
76.224
76.4894
76.7547
77.01
77.2851
77.5503
77.8154
78.0804
78.3454
78.6103
78.8752
79.14
79.4048
79.6695
79.9342
80.1988
80.4633
80.7278
80.9922
81.2566
81.52
81.7852
82.0494
82.3136
82.5776
82.8417
83.1057
83.3696
83.6334
83.8973
84.161
84.4247
84.9519
85.4789
85.7423
86.0056
86.5321
86.7952
87.0583
87.3214
87.5844
87.8473
88.1101
88.372
88.6357
88.8984
89.161
89.4235
89.686
89.9485
90.2108
90.4731
90.7354
90.9976
91.2597
91.5218
92.0457
92.3076
92.8312
93.0928
93.616
93.8775
94.0083
94.0082
94.0082
94.0082
94.0081
94.0081
94.0081
94.008
94.008
94.0079
94.0079
94.0078
94.0078
94.0078
94.0077
94.0077
94.0076
94.0076
94.0076
94.0075
94.0075
94.0075
94.0075
94.0074
94.0074
94.0074
94.0073
94.0073
94.0073
94.0072
94.0072
94.0072
94.0071
94.0071
94.0071
94.0071
94.007
94.007
94.007
94.006
94.0069
94.0069
94.0068
94.0068
94.0068
94.0067
94.0067
94.0067
94.0066
94.0066
94.0066
94.0066
94.0065
94.0065
94.0065
94.0064
94.0064
94.0064
94.0063
94.0063
94.0063
94.0062
94.0062
94.0062
94.0062
94.0061
94.0061
94.0061
94.006
94.006
94.006
94.005
94.005
94.0059
94.0058
94.0058
94.0058
94.0058
94.0057
94.0057
94.0057
94.0056
94.0056
94.0056
94.0055
94.0055
94.0055
94.0054
94.0054
94.0054
94.0054
94.0053
94.0053
94.0053
94.0052
94.0052
94.0051
94.0051
94.005
94.005
94.005
94.0049
94.0048
94.0048
94.0047
94.0047
94.0047
94.0046
94.0046
94.0045
94.0045
94.0044
94.0044
94.0043
94.0043
94.0042
94.0042
94.0042
94.0041
94.0041
94.0041
94.004
94.004
94.004
94.003
94.003
94.0039
94.0039
94.0038
94.0038
94.0038
94.0037
94.0037
94.0037
94.0037
94.0036
94.0036
94.0036
94.0035
94.0035
94.0035
94.0034
94.0034
94.0034
94.0033
94.0033
94.0033
94.0033
94.0032
94.0032
94.0032
94.0031
94.0031
94.0031
94.003
94.003
94.003
94.003
94.002
94.0029
94.0029
94.0028
94.0028
94.0027
94.0027
94.0027
94.0026
94.0026
94.0026
94.0025
94.0025
94.0025
94.0024
94.0024
94.0024
94.0023
94.0023
94.0023
94.0022
94.0022
94.0022
94.0021
94.0021
94.0021
94.0021
94.002
94.002
94.002
94.001
94.001
94.0019
94.0018
94.0018
94.0018
94.0018
94.0017
94.0017
94.0017
94.0016
94.0016
94.0016
94.0015
94.0015
94.0015
94.0015
94.0014
94.0014
94.0014
94.0013
94.0013
94.0013
94.0013
94.0012
94.0012
94.0012
94.0011
94.0011
94.0011
94.001
94.001
94.001
94.001
94
94.0009
94.0009
94.0008
94.0008
94.0008
94.0007
94.0007
94.0007
94.0007
94.0006
94.0006
94.0006
94.0005
94.0005
94.0005
94.0005
94.0004
94.0004
94.0004
94.0003
94.0003
94.0003
94.0002
94.0002
94.0002
94.0002
94.0001
94.0001
94.0001
94
94
94
94
93
93.9999
93.9999
93.9998
93.9998
93.9998
93.9997
93.9997
93.9997
93.9997
93.9996
93.9996
93.9995
93.9995
93.9994
93.9994
93.9993
93.9993
93.9993
93.9992
93.9992
93.9992
93.9991
93.9991
93.9991
93.9991
93.999
93.999
93.999
93.998
93.9989
93.9989
93.9988
93.9988
93.9988
93.9988
93.9987
93.9987
93.9987
93.9986
93.9986
93.9986
93.9985
93.9985
93.9984
93.9984
93.9983
93.9983
93.9982
93.9982
93.9981
93.9981
93.9981
93.998
93.998
93.998
93.997
93.997
93.9979
93.9979
93.9978
93.9978
93.9978
93.9977
93.9977
93.9977
93.9977
93.9976
93.9976
93.9976
93.9975
93.9975
93.9975
93.9975
93.9974
93.9974
93.9974
93.9973
93.9973
93.9973
93.9972
93.9972
93.9972
93.9972
93.9971
93.9971
93.9971
93.9971
93.997
93.997
93.997
93.996
93.996
93.9969
93.9969
93.9968
93.9968
93.9968
93.9967
93.9967
93.9967
93.9967
93.9966
93.9966
93.9966
93.9965
93.9965
93.9965
93.9965
93.9964
93.9964
93.9964
93.9963
93.9963
93.9962
93.9962
93.9961
93.9961
93.9961
93.9961
93.996
93.996
93.996
93.995
93.995
93.9959
93.9959
93.9958
93.9958
93.9958
93.9957
93.9957
93.9957
93.9956
93.9956
93.9956
93.9955
93.9955
93.9955
93.9954
93.9954
93.9954
93.9953
93.9953
93.9953
93.9953
93.9952
93.9952
93.9952
93.9952
93.9951
93.9951
93.995
93.995
93.994
93.9949
93.9949
93.9948
93.9948
93.9948
93.9947
93.9947
93.9947
93.9946
93.9946
93.9946
93.9946
93.9945
93.9945
93.9945
93.9944
93.9944
93.9944
93.9944
93.9943
93.9943
93.9943
93.9943
93.9942
93.9942
93.9942
93.9941
93.9941
93.9941
93.9941
93.994
93.994
93.994
93.993
93.993
93.9939
93.9939
93.9938
93.9938
93.9938
93.9937
93.9937
93.9937
93.9937
93.9936
93.9936
93.9936
93.9936
93.9935
93.9935
93.9935
93.9934
93.9934
93.9934
93.9934
93.9933
93.9933
93.9933
93.9933
93.9932
93.9932
93.9931
93.9931
93.9931
93.993
93.993
93.993
93.992
93.992
93.9929
93.9929
93.9928
93.9928
93.9928
93.9927
93.9927
93.9927
93.9927
93.9926
93.9926
93.9926
93.9926
93.9925
93.9925
93.9925
93.9925
93.9924
93.9924
93.9924
93.9923
93.9923
93.9923
93.9922
93.9922
93.9922
93.9921
93.9921
93.9921
93.992
93.992
93.992
93.992
93.991
93.991
93.9919
93.9918
93.9918
93.9918
93.9917
93.9917
93.9917
93.9916
93.9916
93.9916
93.9916
93.9915
93.9915
93.9915
93.9915
93.9914
93.9914
93.9914
93.9914
93.9913
93.9913
93.9913
93.9912
93.9912
93.9912
93.9912
93.9911
93.9911
93.9911
93.9911
93.991
93.991
93.991
93.99
93.99
93.9909
93.9909
93.9908
93.9908
93.9908
93.9908
93.9907
93.9907
93.9907
93.9907
93.9906
93.9906
93.9906
93.9905
93.9905
93.9904
93.9903
93.9903
93.9903
93.9902
93.9902
93.9902
93.9901
93.9901
93.9901
93.9901
93.99
93.99
93.99
93.98
93.98
93.9899
93.9899
93.9898
93.9898
93.9898
93.9898
93.9897
93.9897
93.9897
93.9897
93.9896
93.9896
93.9896
93.9895
93.9895
93.9895
93.9895
