0.100000
0.189000
0.268210
0.338707
0.401449
0.457290
0.506988
0.551219
0.590585
0.625621
0.656802
0.684554
0.709253
0.731235
0.750799
0.768212
0.783708
0.797500
0.809775
0.820700
0.830423
0.839076
0.846778
0.853632
0.859733
0.865162
0.869994
0.874295
0.878123
0.881529
0.884561
0.887259
0.889661
0.891798
0.893700
0.895393
0.896900
0.898241
0.899434
0.900497
0.901442
0.902283
0.903032
0.903699
0.904292
0.904820
0.905290
0.905708
0.906080
0.906411
0.906706
0.906968
0.907202
0.907410
0.907594
0.907759
0.907906
0.908036
0.908152
0.908255
0.908347
0.908429
0.908502
0.908567
0.908624
0.908676
0.908721
0.908762
0.908798
0.908830
0.908859
0.908885
0.908907
0.908927
0.908945
0.908961
0.908976
0.908988
0.909000
0.909010
0.909019
0.909027
0.909034
0.909040
0.909046
0.909051
0.909055
0.909059
0.909062
0.909066
0.909068
0.909071
0.909073
0.909075
0.909077
0.909078
0.909080
0.909081
0.909082
0.909083
0.909084
0.909085
0.909085
0.909086
0.909086
0.909087
0.909087
0.909088
0.909088
0.909088
0.909089
0.909089
0.909089
0.909089
0.909090
0.909090
0.909090
0.909090
0.909090
0.909090
0.909090
0.909090
0.909090
0.909090
0.909090
0.909091
0.909091
0.909091
0.909091
0.909091
0.909091
0.909091
0.909091
0.909091
0.909091
0.909091
0.909091
0.909091
0.909091
0.909091
0.909091
0.909091
0.909091
0.909091
0.909091
0.909091
0.909091
0.909091
0.909091
0.909091
