0.01
0.0277
0.051108
0.07852
0.108498
0.139845
0.171585
0.202934
0.233281
0.262163
0.289247
0.314308
0.337212
0.357902
0.376381
0.3927
0.406948
0.41924
0.429712
0.438509
0.445787
0.4517
0.456401
0.460038
0.462752
0.464675
0.465929
0.466625
0.466864
0.466736
0.466319
0.465684
0.464889
0.463985
0.463015
0.462014
0.461011
0.460028
0.459082
0.458188
0.457353
0.456585
0.455885
0.455257
0.454697
0.454205
0.453778
0.453411
0.453099
0.452839
0.452626
0.452453
0.452318
0.452214
0.452138
0.452085
0.452053
0.452037
0.452034
0.452041
0.452057
0.45208
0.452106
0.452136
0.452167
0.452199
0.452231
0.452261
0.452291
0.452318
0.452344
0.452368
0.452389
0.452408
0.452425
0.45244
0.452452
0.452463
0.452473
0.45248
0.452487
0.452492
0.452495
0.452498
0.452501
0.452502
0.452503
0.452503
0.452503
0.452503
0.452502
0.452501
0.4525
0.452499
0.452498
0.452497
0.452496
0.452496
0.452495
0.452494
0.452493
0.452492
0.452492
0.452491
0.452491
0.45249
0.45249
0.452489
0.452489
0.452489
0.452489
0.452489
0.452488
0.452488
0.452488
0.452488
0.452488
0.452488
0.452488
0.452488
0.452488
0.452488
0.452488
0.452488
0.452488
0.452488
0.452488
0.452488
0.452489
0.452489
0.452489
0.452489
0.452489
0.452489
0.452489
0.452489
0.452489
0.452489
0.452489
0.452489
0.452489
0.452489
0.452489
0.452489
0.452489
0.452489
0.452489
0.452489
0.452489
0.452489
