0
0.009225
0.0331252
0.0681898
0.111441
0.160384
0.212953
0.267461
0.32255
0.377147
0.430419
0.481738
0.530649
0.576837
0.620104
0.660347
0.697538
0.731708
0.762935
0.791329
0.817027
0.840181
0.860954
0.879516
0.896035
0.910678
0.92361
0.934985
0.944953
0.953655
0.96122
0.967771
0.97342
0.978269
0.982413
0.985937
0.988919
0.991426
0.993522
0.995261
0.996694
0.997864
0.998808
0.999562
1.00015
1.00061
1.00095
1.0012
1.00138
1.00149
1.00154
1.00156
1.00155
1.00151
1.00146
1.00139
1.00131
1.00123
1.00114
1.00105
1.00097
1.00088
1.0008
1.00073
1.00065
1.00059
1.00052
1.00047
1.00041
1.00036
1.00032
1.00028
1.00024
1.00021
1.00018
1.00016
1.00014
1.00012
1.0001
1.00008
1.00007
1.00006
1.00005
1.00004
1.00003
1.00003
1.00002
1.00002
1.00001
1.00001
1.00001
1
1
1
1
0.999999
0.999999
0.999998
0.999998
0.999998
0.999998
0.999998
0.999998
0.999998
0.999998
0.999998
0.999998
0.999998
0.999998
0.999998
0.999998
0.999998
0.999999
0.999999
0.999999
0.999999
0.999999
0.999999
0.999999
0.999999
0.999999
1
1
1
1
1
1
1
1
1
1
1
1
1
1
1
1
1
1
1
1
1
1
1
1
1
1
1
1
1
