0
0
0
0
0
0
0
0
0
0
0
0
0
0
0
0
0
0
0
0
0
0
0
0
0
0
0
0
0
0
0
0
0
0
0
0
0
0
0
0
0
0
0
0
0
0
0
0
0
0
0
0
0
0
0
0
0
0
0
0
0
0
0
0
0
0
0
0
0
0
0
0
0
0
0
0
0
0
0
0
0
0
0
0
0
0
0
0
0
0
0
0
0
0
0
0
0
0
0
0
0
0
0
0
0
0
0
0
0
0
0
0
0
0
0
0
0
0
0
0
0
0
0
0
0
0
0
0
0
0
0
0
0
0
0
0
0
0
0
0
0
0
0
0
0
0
0
0
0
0
0
0
0
0
0
0
0
0
0
0
0
0
0
0
0
0
0
0
0
0
0
0
0
0
0
0
0
0
0
0
0
0
0
0
0
0
0
0
0
0
0
0
0
0
0
0
0
0
0
0
0
0
0
0
0
0
0
0
0
0
0
0
0
0
0
0
0
0
0
0
0
0
0
0
0
0
0
0
0
0
0
0
0
0
0
0
0
0
0
0
0
0
0
0
0
0
0
0
0
0
0
0
0
0
0
0
0
0
0
0
0
0
0
0
0
0
0
0
0
0
0
0
0
0
0
0
0
0
0
0
0
0
0
0
0
0
0
0
0
0
0
0
0
0
0
0
0
0
0
0
0
0
0
0
0
0
0
0
0
0
0
0
0
0
0
0
0
0
0
0
0
0
0
0
0
0
0
0
0
0
0
0
0
0
0
0
0
0
0
0
0
0
0
0
0
0
0
0
0
0
0
0
0
0
0
0
0
0
0
0
0
0
0
0
0
0
0
0
0
0
0
0
0
0
0
0
0
0
0
0
0
0
0
0
0
0
0
0
0
0
0
0
0
0
0
0
0
0
0
0
0
0
0
0
0
0
0
0
0
0
0
0
0
0
0
0
0
0
0
0
0
0
0
0
0
0
0
0
0
0
0
0
0
0
0
0
0
0
0
0
0
0
0
0
0
0
0
0
0
0
0
0
0
0
0
0
0
0
0
0
0
0
0
0
0
0
0
0
0
0
0
0
0
0
0
0
0
0
0
0
0
0
0
0
0
0
0
0
0
0
0
0
0
0
0
0
0
0
0
0
0
0
0
0
0
0
0
0
0
0
0
0
0
0
0
0
0
0
0
0
0
0
0
0
0
0
0
0
0
0
0
0
0
0
0
0
0
0
0
0
0
0
0
0
0
0
0
0
0
0
0
0
0
0
0
0
0
0
0
0
0
0
0
0
0
0
0
0
0
0
0
0
0
0
0
0
0
0
0
0
0
0
0
0
0
0
0
0
0
0
0
0
0
0
0
0
0
0
0
0
0
0
0
0
0
0
0
0
0
0
0
0
0
0
0
0
0
0
0
0
0
0
0
0
0
0
0
0
0
0
0
0
0
0
0
0
0
0
0
0
0
0
0
0
0
0
0
0
0
0
0
0
0
0
0
0
0
0
0
0
0
0
0
0
0
0
0
0
0
0
0
0
0
0
0
0
0
0
0
0
0
0
0
0
0
0
0
0
0
0
0
0
0
0
0
0
0
0
0
0
0
0
0
0
0
0
0
0
0
0
0
0
0
0
0
0
0
0
0
0
0
0
0
0
0
0
0
0
0
0
0
0
0
0
0
0
0
0
0
0
0
0
0
0
0
0
0
0
0
0
0
0
0
0
0
0
0
0
0
0
0
0
0
0
0
0
0
0
0
0
0
0
0
0
0
0
0
0
0
0
0
0
0
0
0
0
0
0
0
0
0
0
0
0
0
0
0
0
0
0
0
0
0
0
0
0
0
0
0
0
0
0
0
0
0
0
0
0
0
0
0
0
0
0
0
0
0
0
0
0
0
0
0
0
0
0
0
0
0
0
0
0
0
0
0
0
0
0
0
0
0
0
0
0
0
0
0
0
0
0
0
0
0
0
0
0
0
0
0
0
0
0
0
0
0
0
0
0
0
0
0
0
0
0
0
0
0
0
0
0
0
0
0
0
0
0
0
0
0
0
0
0
0
0
0
0
0
0
0
0
0
0
0
0
0
0
0
0
0
0
0
0
0
0
0
0
0
0
0
0
0
0
0
0
0
0
0
0
0
0
0
0
0
0
0
0
0
0
0
0
0
0
0
0
0
0
0
0
0
0
0
0
0
0
0
0
0
0
0
0
0
0
0
0
0
0
0
0
0
0
0
0
0
0
0
0
0
0
0
0
0
0
0
0
0
0
0
0
0
0
0
0
0
0
0
0
0
0
0
0
0
0
0
0
0
0
0
0
0
0
0
0
0
0
0
0
0
0
0
0
0
0
0
0
0
0
0
0
0
0
0
0
0
0
0
0
0
0
0
0
0
0
0
0
0
0
0
0
0
0
0
0
0
0
0
0
0
0
0
0
0
0
0
0
0
0
0
0
0
0
0
0
0
0
0
0
0
0
0
0
0
0
0
0
0
0
0
0
0
0
0
0
0
0
0
0
0
0
0
0
0
0
0
0
0
0
0
0
0
0
0
0
0
0
0
0
0
0
0
0
0
0
0
0
0
0
0
0
0
0
0
0
0
0
0
0
0
0
0
0
0
0
0
0
0
0
0
0
0
0
0
0
0
0
0
0
0
0
0
0
0
0
0
0
0
0
0
0
0
0
0
0
0
0
0
0
0
0
0
0
0
0
0
0
0
0
0
0
0
0
0
0
0
0
0
0
0
0
0
0
0
0
0
0
0
0
0
0
0
0
0
0
0
0
0
0
0
0
0
0
0
0
0
0
0
0
0
0
0
0
0
0
0
0
0
0
0
0
0
0
0
0
0
0
0
0
0
0
0
0
0
0
0
0
0
0
0
0
0
0
0
0
0
0
0
0
0
0
0
0
0
0
0
0
0
0
0
0
0
0
0
0
0
0
0
0
0
0
0
0
0
0
0
0
0
0
0
0
0
0
0
0
0
0
0
0
0
0
0
0
0
0
0
0
0
0
0
0
0
0
0
0
0
0
0
0
0
0
0
0
0
0
0
0
0
0
0
0
0
0
0
0
0
0
0
0
0
0
0
0
0
0
0
0
0
0
0
0
0
0
0
0
0
0
0
0
0
0
0
0
0
0
0
0
0
0
0
0
0
0
0
0
0
0
0
0
0
0
0
0
0
0
0
0
0
0
0
0
0
0
0
0
0
0
0
0
0
0
0
0
0
0
0
0
0
0
0
0
0
0
0
0
0
0
0
0
0
0
0
0
0
0
0
0
0
0
0
0
0
0
0
0
0
0
0
0
0
0
0
0
0
0
0
0
0
0
0
0
0
0
0
0
0
0
0
0
0
0
0
0
0
0
0
0
0
0
0
0
0
0
0
0
0
0
0
0
0
0
0
0
0
0
0
0
0
0
0
0
0
0
0
0
0
0
0
0
0
0
0
0
0
0
0
0
0
0
0
0
0
0
0
0
0
0
0
6.278
14.1127
20.7225
26.162
30.5463
33.9861
36.5833
38.4311
39.6152
40.2137
40.298
39.933
39.1781
38.0869
36.7082
35.0859
33.2598
31.2657
29.1358
26.8987
24.5801
22.203
19.7874
17.3514
14.9106
12.4788
10.0678
7.688
5.34821
3.05592
0.817384
0
0
0
0
0
0
0
0
0
0
0
0
0
0
0
0
0
0
0
0
0
0
0
0
0
0
0
0
0
0
0
0
0
0
0
0
0
0
0
0
0
0
0
0
0
0
0
0
0
0
0
0
0
0
0
0
0
0
0
0
0
0
0
0
0
0
0
0
0
0
0
0
0
0
0
0
0
0
0
0
0
0
0
0
0
0
0
0
0
0
0
0
0
0
0
0
0
0
0
0
0
0
0
0
0
0
0
0
0
0
0
0
0
0
0
0
0
0
0
0
0
0
0
0
0
0
0
0
0
0
0
0
0
0
0
0
0
0
0
0
0
0
0
0
0
0
0
0
0
0
0
0
0
0
0
0
0
0
0
0
0
0
0
0
0
0
0
0
0
0
0
0
0
0
0
0
0
0
0
0
0
0
0
0
0
0
0
0
0
0
0
0
0
0
0
0
0
0
0
0
0
0
0
0
0
0
0
0
0
0
0
0
0
0
0
0
0
0
0
0
0
0
0
0
0
0
0
0
0
0
0
0
0
0
0
0
0
0
0
0
0
0
0
0
0
0
0
0
0
0
0
0
0
0
0
0
0
0
0
0
0
0
0
0
0
0
0
0
0
0
0
0
0
0
0
0
0
0
0
0
0
0
0
0
0
0
0
0
0
0
0
0
0
0
0
0
0
0
0
0
0
0
0
0
0
0
0
0
0
0
0
0
0
0
0
0
0
0
0
0
0
0
0
0
0
0
0
0
0
0
0
0
0
0
0
0
0
0
0
0
0
0
0
0
0
0
0
0
0
0
0
0
0
0
0
0
0
0
0
0
0
0
0
0
0
0
0
0
0
0
0
0
0
0
0
0
0
0
0
0
0
0
0
0
0
0
0
0
0
0
0
0
0
0
0
0
0
0
0
0
0
0
0
0
0
0
0
0
0
0
0
0
0
0
0
0
0
0
0
0
0
0
0
0
0
0
0
0
0
0
0
0
0
0
0
0
0
0
0
0
0
0
0
0
0
0
0
0
0
0
0
0
0
0
0
0
0
0
0
0
0
0
0
0
0
0
0
0
0
0
0
0
0
0
0
0
0
0
0
0
0
0
0
0
0
0
0
0
0
0
0
0
0
0
0
0
0
0
0
0
0
0
0
0
0
0
0
0
0
0
0
0
0
0
0
0
0
0
0
0
0
0
0
0
0
0
0
0
0
0
0
0
0
0
0
0
0
0
0
0
0
0
0
0
0
0
0
0
0
0
0
0
0
0
0
0
0
0
0
0
0
0
0
0
0
0
0
0
0
0
0
0
0
0
0
0
0
0
0
0
0
0
0
0
0
0
0
0
0
0
0
0
0
0
0
0
0
0
0
0
0
0
0
0
0
0
0
0
0
0
0
0
0
0
0
0
0
0
0
0
0
0
0
0
0
0
0
0
0
0
0
0
0
0
0
0
0
0
0
0
0
0
0
0
0
0
0
0
0
0
0
0
0
0
0
0
0
0
0
0
0
0
0
0
0
0
0
0
0
0
0
0
0
0
0
0
0
0
0
0
0
0
0
0
0
0
0
0
0
0
0
0
0
0
0
0
0
0
0
0
0
0
0
0
0
0
0
0
0
0
0
0
0
0
0
0
0
0
0
0
0
0
0
0
0
0
0
0
0
0
0
0
0
0
0
0
15.1788
47.2274
78.256
107.856
136.023
162.788
188.185
212.253
235.025
256.509
276.723
295.712
313.524
330.207
345.811
360.383
373.972
386.626
398.392
409.315
419.441
428.814
437.476
445.468
452.831
459.602
465.819
471.516
476.727
481.485
485.82
489.761
493.337
496.573
499.495
502.126
504.487
506.601
508.486
510.162
511.645
512.951
514.096
515.094
515.958
516.701
517.333
517.865
518.308
518.67
518.959
519.184
519.351
519.467
519.537
519.569
519.565
519.532
519.473
519.392
519.292
519.176
519.048
518.91
518.764
518.611
518.455
518.296
518.136
517.975
517.816
517.659
517.505
517.354
517.207
517.065
516.928
516.796
516.669
516.549
516.434
516.325
516.221
516.124
516.033
515.947
515.867
515.793
515.724
515.661
515.602
515.549
515.5
515.457
515.417
515.382
515.351
515.324
515.301
515.281
515.264
515.251
515.24
515.233
515.228
515.226
515.226
515.228
515.233
515.239
515.247
515.257
515.268
515.281
515.295
515.311
515.327
515.345
515.364
515.383
515.404
515.425
515.447
515.47
515.493
515.516
515.541
515.565
515.59
515.615
515.641
515.667
515.693
515.719
515.746
515.772
515.799
515.826
515.853
515.88
515.908
515.935
515.962
515.989
516.017
516.044
516.071
516.099
516.126
516.153
516.18
516.207
516.235
516.262
516.289
516.316
516.343
516.37
516.397
516.423
516.45
516.477
516.504
516.53
516.557
516.583
516.61
516.636
516.662
516.689
516.715
516.741
516.767
516.793
516.819
516.845
516.871
516.897
516.923
516.949
516.974
517
517.026
517.051
517.077
517.102
517.128
517.153
517.179
517.204
517.229
517.255
517.28
517.305
517.33
517.355
517.38
517.405
517.43
528.232
538.832
549.017
558.779
568.115
577.028
585.52
593.596
601.265
608.533
615.411
621.91
628.04
633.814
639.245
644.345
649.128
653.606
657.794
661.704
665.35
668.745
671.901
674.832
677.548
680.063
682.387
684.532
686.509
688.327
689.997
691.529
692.931
694.212
695.38
696.443
697.409
698.285
699.077
699.791
700.435
701.012
701.528
701.989
702.399
702.762
703.083
703.364
703.611
703.825
704.01
704.168
704.303
704.417
704.511
704.589
704.651
704.701
704.738
704.765
704.783
704.793
704.796
704.794
704.787
704.776
704.762
704.745
704.726
704.705
704.684
704.662
704.639
704.617
704.595
704.574
704.553
704.534
704.515
704.498
704.483
704.468
704.455
704.444
704.434
704.426
704.419
704.414
704.41
704.408
704.408
704.409
704.411
704.415
704.42
704.426
704.434
704.443
704.453
704.464
704.476
704.489
704.504
704.519
704.535
704.551
704.569
704.587
704.606
704.625
704.645
704.666
704.687
704.708
704.73
704.753
704.776
704.799
704.822
704.846
704.87
704.894
704.918
704.943
704.968
704.993
705.018
705.043
705.068
705.094
705.119
705.145
705.17
705.196
705.222
705.247
705.273
705.299
705.324
705.35
705.376
705.401
705.427
705.453
705.478
705.504
705.529
705.555
705.58
705.605
705.631
705.656
705.681
705.706
705.731
705.756
705.781
705.806
705.831
705.856
705.881
705.905
705.93
705.955
705.979
706.003
706.028
706.052
706.076
706.1
706.125
706.149
706.172
706.196
706.22
706.244
706.268
706.291
706.315
706.338
706.362
706.385
706.409
706.432
706.455
706.478
706.501
706.524
706.547
706.57
706.593
706.616
706.639
706.661
706.684
706.706
706.729
706.751
706.774
706.796
706.818
706.84
706.863
706.885
706.907
706.929
706.95
706.972
706.994
707.016
707.037
707.059
707.081
707.102
707.123
707.145
707.166
707.187
707.209
707.23
707.251
707.272
707.293
707.314
707.335
707.355
707.376
707.397
707.417
707.438
707.458
707.479
707.499
707.52
707.54
707.56
707.58
707.6
707.62
707.64
707.66
707.68
707.7
707.72
707.739
707.759
707.778
707.798
707.817
707.837
707.856
707.875
707.895
707.914
707.933
707.952
707.971
707.99
708.009
708.028
708.046
708.065
708.084
708.102
708.121
708.139
708.158
708.176
708.194
708.213
708.231
708.249
708.267
708.285
708.303
708.321
708.339
708.357
708.374
708.392
708.41
708.427
708.445
708.462
708.479
708.497
708.514
708.531
708.548
708.565
708.582
708.599
708.616
708.633
708.65
708.667
708.683
708.7
708.717
708.733
665.641
623.357
582.733
543.802
506.572
471.037
437.185
404.994
374.437
345.479
318.082
292.204
267.798
244.817
223.211
202.927
183.913
166.115
149.481
133.957
119.49
106.029
93.5221
81.9193
71.1717
61.2318
52.0536
43.5925
35.8055
28.6512
22.0901
16.084
10.5965
5.59314
1.04072
0
0
0
0
0
0
0
0
0
0
0
0
0
0
0
0
0
0
0
0
0
0
0
0
0
0
0
0
0
0
0
0
0
0
0
0
0
0
0
0
0
0
0
0
0
0
0
0
0
0
0
0
0
0
0
0
0
0
0
0
0
0
0
0
0
0
0
0
0
0
0
0
0
0
0
0
0
0
0
0
0
0
0
0
0
0
0
0
0
0
0
0
0
0
0
0
0
0
0
0
0
0
0
0
0
0
0
0
0
0
0
0
0
0
0
0
0
0
0
0
0
0
0
0
0
0
0
0
0
0
0
0
0
0
0
0
0
0
0
0
0
0
0
0
0
0
0
0
0
0
0
0
0
0
0
0
0
0
0
0
0
0
0
0
0
0
0
0
0
0
0
0
0
0
0
0
0
0
0
0
0
0
0
0
0
0
0
0
0
0
0
0
0
0
0
0
0
0
0
0
0
0
0
0
0
0
0
0
0
0
0
0
0
0
0
0
0
0
0
0
0
0
0
0
0
0
0
0
0
0
0
0
0
0
0
0
0
0
0
0
0
0
0
0
0
0
0
0
0
0
0
0
0
0
0
0
0
0
0
0
0
0
0
0
0
0
0
0
0
0
0
0
0
0
0
0
0
0
0
0
0
0
0
0
0
0
0
0
0
0
0
0
0
0
0
0
0
0
0
0
0
0
0
0
0
0
0
0
0
0
0
0
0
0
0
0
0
0
0
0
0
0
0
0
0
0
0
0
0
0
0
0
0
0
0
0
0
0
0
0
0
0
0
0
0
0
0
0
0
0
0
0
0
0
0
0
0
0
0
0
0
0
0
0
0
0
0
0
0
0
0
0
0
0
0
0
0
0
0
0
0
0
0
0
0
0
0
0
0
0
0
0
0
0
0
0
0
0
0
0
0
0
0
0
0
0
0
0
0
0
0
0
0
0
0
0
0
0
0
0
0
0
0
0
0
0
0
0
0
0
0
0
0
0
0
0
0
0
0
0
0
0
0
0
0
0
0
0
0
0
0
0
0
0
0
0
0
0
0
0
0
0
0
0
0
0
0
0
0
0
0
0
0
0
0
0
0
0
0
0
0
0
0
0
0
0
0
0
0
0
0
0
0
0
0
0
0
0
0
0
0
0
0
0
0
0
0
0
0
0
0
0
0
0
0
0
0
0
0
0
0
0
0
0
0
0
0
0
0
0
0
0
0
0
0
0
0
0
0
0
0
0
0
0
0
0
0
0
0
0
0
0
0
0
0
0
0
0
0
0
0
0
0
0
0
0
0
0
0
0
0
0
0
0
0
0
0
0
0
0
0
0
0
0
0
0
0
0
0
0
0
0
0
0
0
0
0
0
0
0
0
0
0
0
0
0
0
0
0
0
0
0
0
0
0
0
0
0
0
0
0
0
0
0
0
0
0
0
0
0
0
0
0
0
0
0
0
0
0
0
0
0
0
0
0
0
0
0
0
0
0
0
0
0
0
0
0
0
0
0
0
0
0
0
0
0
0
0
0
0
0
0
0
0
0
0
0
0
0
0
0
0
0
0
0
0
0
0
0
0
0
0
0
0
0
0
0
0
0
0
0
0
0
0
0
0
0
0
0
0
0
0
0
0
0
0
0
0
0
0
0
0
0
0
0
0
0
0
0
0
0
0
0
0
0
0
0
0
0
0
0
0
0
0
0
0
0
0
0
0
0
0
0
0
0
0
0
0
0
0
0
0
0
0
0
0
0
0
0
0
0
0
0
0
0
0
0
0
0
0
0
0
0
0
0
0
0
0
0
0
0
0
0
0
0
0
0
0
0
0
0
0
0
0
0
0
0
0
0
0
0
0
0
0
0
0
0
0
0
0
0
0
0
0
0
0
0
0
0
0
0
0
0
0
0
0
0
0
0
0
0
0
0
0
0
0
0
0
0
0
0
0
0
0
0
0
0
0
0
0
0
0
0
0
0
0
0
0
0
0
0
0
0
0
0
0
0
0
0
0
0
0
0
0
0
0
0
0
0
0
0
0
0
0
0
0
0
0
0
0
0
0
0
0
0
0
0
0
0
0
0
0
0
0
0
0
0
0
0
0
0
0
0
0
0
0
0
0
0
0
0
0
0
0
0
0
0
0
0
0
0
0
0
0
0
0
0
0
0
0
0
0
0
0
0
0
0
0
0
0
0
0
0
0
0
0
0
0
0
0
0
0
0
0
0
0
0
0
0
0
0
0
0
0
0
0
0
0
0
0
0
0
0
0
0
0
0
0
0
0
0
0
0
0
0
0
0
0
0
0
0
0
0
0
0
0
0
0
0
0
0
0
0
0
0
0
0
0
0
0
0
0
0
0
0
0
0
0
0
0
0
0
0
0
0
0
0
0
0
0
0
0
0
0
0
0
0
0
0
0
0
0
0
0
0
0
0
0
0
0
0
0
0
0
0
0
0
0
0
0
0
0
0
0
0
0
0
0
0
0
0
0
0
0
0
0
0
0
0
0
0
0
0
0
0
0
0
0
0
0
0
0
0
0
0
0
0
0
0
0
0
0
0
0
0
0
0
0
0
0
0
0
0
0
0
0
0
0
0
0
0
0
0
0
0
0
0
0
0
0
0
0
0
0
0
0
0
0
0
0
0
0
0
0
0
0
0
0
0
0
0
0
0
0
0
0
0
0
0
0
0
0
0
0
0
0
0
0
0
0
0
0
0
0
0
0
0
0
0
0
0
0
0
0
0
0
0
0
0
0
0
0
0
0
0
0
0
0
0
0
0
0
0
0
0
0
0
0
0
0
0
0
0
0
0
0
0
0
0
0
0
0
0
0
0
0
0
0
0
0
0
0
0
0
0
0
0
0
0
0
0
0
0
0
0
0
0
0
0
0
0
0
0
0
0
0
0
0
0
0
0
0
0
0
0
0
0
0
0
0
0
0
0
0
0
0
0
0
0
0
0
0
0
0
0
0
0
0
0
0
0
0
0
0
0
0
0
0
0
0
0
0
0
0
0
0
0
0
0
0
0
0
0
0
0
0
0
0
0
0
0
0
0
0
0
0
0
0
0
0
0
0
0
0
0
0
0
0
0
0
0
0
0
0
0
0
0
0
0
0
0
0
0
0
0
0
0
0
0
0
0
0
0
0
0
0
0
0
0
0
0
0
0
0
0
0
0
0
0
0
0
0
0
0
0
0
0
0
0
0
0
0
0
0
0
0
0
0
0
0
0
0
0
0
0
0
0
0
0
0
0
0
0
0
0
0
0
0
0
0
0
0
0
0
0
0
0
0
0
0
0
0
0
0
0
0
0
0
0
0
0
0
0
0
0
0
0
0
0
0
0
0
0
0
0
0
0
0
0
0
0
0
0
0
0
0
0
0
0
0
0
0
0
0
0
0
0
0
0
0
0
0
0
0
0
0
0
0
0
0
0
0
0
0
0
0
0
0
0
0
0
0
0
0
0
0
0
0
0
0
0
0
0
0
0
0
0
0
0
0
0
0
0
0
0
0
0
0
0
0
0
0
0
0
0
0
0
0
0
0
0
0
0
0
0
0
0
0
0
0
0
0
0
0
0
0
0
0
0
0
0
0
0
0
0
0
0
0
0
0
0
0
0
0
0
0
0
0
0
0
0
0
0
0
0
0
0
0
0
0
0
0
0
0
0
0
0
0
0
0
0
0
0
0
0
0
0
0
0
0
0
0
0
0
0
0
0
0
0
0
0
0
0
0
0
0
0
0
0
0
0
0
0
0
0
0
0
0
0
0
0
0
0
0
0
0
0
0
0
0
0
0
0
0
0
0
0
0
0
0
0
0
0
0
0
0
0
0
0
0
0
0
0
0
0
0
0
0
0
0
0
0
0
0
0
0
0
0
0
0
0
0
0
0
0
0
0
0
0
0
0
0
0
0
0
0
0
0
0
0
0
0
0
0
0
0
0
0
0
0
0
0
0
0
0
0
0
0
0
0
0
0
0
0
0
0
0
0
0
0
0
0
0
0
0
0
0
0
0
0
0
0
0
0
0
0
0
0
0
0
0
0
0
0
0
0
0
0
0
0
0
0
0
0
0
0
0
0
0
0
0
0
0
0
0
0
0
0
0
0
0
0
0
0
0
0
0
0
0
0
0
0
0
0
0
0
0
0
0
0
0
0
0
0
0
0
0
0
0
0
0
0
0
0
0
0
0
0
0
0
0
0
0
0
0
0
0
0
0
0
0
0
0
0
0
0
0
0
0
0
0
0
0
0
0
0
0
0
0
0
0
0
0
0
0
0
0
0
0
0
0
0
0
0
0
0
0
0
0
0
0
0
0
0
0
0
0
0
0
0
0
0
0
0
0
0
0
0
0
0
0
0
0
0
0
0
0
0
0
0
0
0
0
0
0
0
0
0
0
0
0
0
0
0
0
0
0
0
0
0
0
0
0
0
0
0
0
0
0
0
0
0
0
0
0
0
0
0
0
0
0
0
0
0
0
0
0
0
0
0
0
0
0
0
0
0
0
0
0
0
0
0
0
0
0
0
0
0
0
0
0
0
0
0
0
0
0
0
0
0
0
0
0
0
0
0
0
0
0
0
0
0
0
0
0
0
0
0
0
0
0
0
0
0
0
0
0
0
0
0
0
0
0
0
0
0
0
0
0
0
0
0
0
0
0
0
0
0
0
0
0
0
0
0
0
0
0
0
0
0
0
0
0
0
0
0
0
0
0
0
0
0
0
0
0
0
0
0
0
0
0
0
0
0
0
0
0
0
0
0
0
0
0
0
0
0
0
0
0
0
0
0
0
0
0
0
0
0
0
0
0
0
0
0
0
0
0
0
0
0
0
0
0
0
0
0
0
0
0
0
0
0
0
0
0
0
0
0
0
0
0
0
0
0
0
0
0
0
0
0
0
0
0
0
0
0
0
0
0
0
0
0
0
0
0
0
0
0
0
0
0
0
0
0
0
0
0
0
0
0
0
0
0
0
0
0
0
0
0
0
0
0
0
0
0
0
0
0
0
0
0
0
0
0
0
0
0
0
0
0
0
0
0
0
0
0
0
0
0
0
0
0
0
0
0
0
0
0
0
0
0
0
0
0
0
0
0
0
0
0
0
0
0
0
0
0
0
0
0
0
0
0
0
0
0
0
0
0
0
0
0
0
0
0
0
0
0
0
0
0
0
0
0
0
0
0
0
0
0
0
0
0
0
0
0
0
0
0
0
0
0
0
0
0
0
0
0
0
0
0
0
0
0
0
0
0
0
0
0
0
0
0
0
0
0
0
0
0
0
0
0
0
0
0
0
0
0
0
0
0
0
0
0
0
0
0
0
0
0
0
0
0
0
0
0
0
0
0
0
0
0
0
0
0
0
0
0
0
0
0
0
0
0
0
0
0
0
0
0
0
0
0
0
0
0
0
0
0
0
0
0
0
0
0
0
0
0
0
0
0
0
0
0
0
0
0
0
0
0
0
0
0
0
0
0
0
0
0
0
0
0
0
0
0
0
0
0
0
0
0
0
0
0
0
0
0
0
0
0
0
0
0
0
0
0
0
0
0
0
0
0
0
0
0
0
0
0
0
0
0
0
0
0
0
0
0
0
0
0
0
0
0
0
0
0
0
0
0
0
0
0
0
0
0
0
0
0
0
0
0
0
0
0
0
0
0
0
0
0
0
0
0
0
0
0
0
0
0
0
0
0
0
0
0
0
0
0
0
0
0
0
0
0
0
0
0
0
0
0
0
0
0
0
0
0
0
0
0
0
0
0
0
0
0
0
0
0
0
0
0
0
0
0
0
0
0
0
0
0
0
0
0
0
0
0
0
0
0
0
0
0
0
0
0
0
0
0
0
0
0
0
0
0
0
0
0
0
0
0
0
0
0
0
0
0
0
0
0
0
0
2.02916
7.58963
12.2807
16.0954
19.118
21.4332
23.1185
24.2451
24.8781
25.077
24.896
24.3845
23.5873
22.5451
21.2947
19.8693
18.299
16.6105
14.828
12.9732
11.0651
9.12078
7.15536
5.18207
3.21251
1.25681
0
0
0
0
0
0
0
0
0
0
0
0
0
0
0
0
0
0
0
0
0
0
0
0
0
0
0
0
0
0
0
0
0
0
0
0
0
0
0
0
0
0
0
0
0
0
0
0
0
0
0
0
0
0
0
0
0
0
0
0
0
0
0
0
0
0
0
0
0
0
0
0
0
0
0
0
0
0
0
0
0
0
0
0
0
0
0
0
0
0
0
0
0
0
0
0
0
0
0
0
0
0
0
0
0
0
0
0
0
0
0
0
0
0
0
0
0
0
0
0
0
0
0
0
0
0
0
0
0
0
0
0
0
0
0
0
0
0
0
0
0
0
0
0
0
0
0
0
0
0
0
0
0
0
0
0
0
0
0
0
0
0
0
0
0
0
0
0
0
0
0
0
0
0
0
0
0
0
0
0
0
0
0
0
0
0
0
0
0
0
0
0
0
0
0
0
0
0
0
0
0
0
0
0
0
0
0
0
0
0
0
0
0
0
0
0
0
0
0
0
0
0
0
0
0
0
0
0
0
0
0
0
0
0
0
0
0
0
0
0
0
0
0
0
0
0
0
0
0
0
0
0
0
0
0
0
0
0
0
0
0
0
0
0
0
0
0
0
0
0
0
0
0
0
0
0
0
0
0
0
0
0
0
0
0
0
0
0
0
0
0
0
0
0
0
0
0
0
0
0
0
0
0
0
0
0
0
0
0
0
0
0
0
0
0
0
0
0
0
0
0
0
0
0
0
0
0
0
0
0
0
0
0
0
0
0
0
0
0
0
0
0
0
0
0
0
0
0
0
0
0
0
0
0
0
0
0
0
0
0
0
0
0
0
0
0
0
0
0
0
0
0
0
0
0
0
0
0
0
0
0
0
0
0
0
0
0
0
0
0
0
0
0
0
0
0
0
0
0
0
0
0
0
0
0
0
0
0
0
0
0
0
0
0
0
0
0
0
0
0
0
0
0
0
0
0
0
0
0
0
0
0
0
0
0
0
0
0
0
0
0
0
0
0
0
0
0
0
0
0
0
0
0
0
0
0
0
0
0
0
0
0
0
0
0
0
0
0
0
0
0
0
0
0
0
0
0
0
0
0
0
0
0
0
0
0
0
0
0
0
0
0
0
0
0
0
0
0
0
0
0
0
0
0
0
0
0
0
0
0
0
0
0
0
0
0
0
0
0
0
0
0
0
0
0
0
0
0
0
0
0
0
0
0
0
0
0
0
0
0
0
0
0
0
0
0
0
0
0
0
0
0
0
0
0
0
0
0
0
0
0
0
0
0
0
0
0
0
0
0
0
0
0
0
0
0
0
0
0
0
0
0
0
0
0
0
0
0
0
0
0
0
0
0
0
0
0
0
0
0
0
0
0
0
0
0
0
0
0
0
0
0
0
0
0
0
0
0
0
0
0
0
0
0
0
0
0
0
0
0
0
0
0
0
0
0
0
0
0
0
0
0
0
0
0
0
0
0
0
0
0
0
0
0
0
0
0
0
0
0
0
0
0
0
0
0
0
0
0
0
0
0
0
0
0
0
0
0
0
0
0
1.43551
2.96137
3.91544
4.34865
4.32396
3.89991
3.12974
2.06175
0.739666
0
0
0
0
0
0
0
0
0
0
0
0
0
0
0
0
0
0
0
0
0
0
0
0
0
0
0
0
0
0
0
0
0
0
0
0
0
0
0
0
0
0
0
0
0
0
0
0
0
0
0
0
0
0
0
0
0
0
0
0
0
0
0
0
0
0
0
0
0
0
0
0
0
0
0
0
0
0
0
0
0
0
0
0
0
0
0
0
0
0
0
0
0
0
0
0
0
0
0
0
0
0
0
0
0
0
0
0
0
0
0
0
0
0
0
0
0
0
0
0
0
0
0
0
0
0
0
0
0
0
0
0
0
0
0
0
0
0
0
0
0
0
0
0
0
0
0
0
0
0
0
0
0
0
0
0
0
0
0
0
0
0
0
0
0
0
0
0
0
0
0
0
0
0
0
0
0
0
0
0
0
0
0
0
0
0
0
0
0
0
0
0
0
0
0
0
0
0
0
0
0
0
0
0
0
0
0
0
0
0
0
0
0
0
0
0
0
0
0
0
0
0
0
0
0
0
0
0
0
0
0
0
0
0
0
0
0
0
0
0
0
0
0
0
0
0
0
0
0
0
0
0
0
0
0
0
0
0
0
0
0
0
0
0
0
0
0
0
0
0
0
0
0
0
0
0
0
0
0
0
0
0
0
0
0
0
0
0
0
0
0
0
0
0
0
0
0
0
0
0
0
0
0
0
0
0
0
0
0
0
0
0
0
0
0
0
0
0
0
0
0
0
0
0
0
0
0
0
0
0
0
0
0
0
0
0
0
0
0
0
0
0
0
0
0
0
0
0
0
0
0
0
0
0
0
0
0
0
0
0
0
0
0
0
0
0
0
0
0
0
0
0
0
0
0
0
0
0
0
0
0
0
0
0
0
0
0
0
0
0
0
0
0
0
0
0
0
0
0
0
0
0
0
0
0
0
0
0
0
0
0
0
0
0
0
0
0
0
0
0
0
0
0
0
0
0
0
0
0
0
0
0
0
0
0
0
0
0
0
0
0
0
0
0
0
0
0
0
0
0
0
0
0
0
0
0
0
0
0
0
0
0
0
0
0
0
0
0
0
0
0
0
0
0
0
0
0
0
0
0
0
0
0
0
0
0
0
0
0
0
0
0
0
0
0
0
0
0
0
0
0
0
0
0
0
0
0
0
0
0
0
0
0
0
0
0
0
0
0
0
0
0
0
0
0
0
0
0
0
0
0
0
0
0
0
0
0
0
0
0
0
0
0
0
0
0
0
0
0
0
0
0
0
0
0
0
0
0
0
0
0
0
0
0
0
0
0
0
0
0
0
0
0
0
0
0
0
0
0
0
0
0
0
0
0
0
0
0
0
0
0
0
0
0
0
0
0
0
0
0
0
0
0
0
0
0
0
0
0
0
0
0
0
0
0
0
0
0
0
0
0
0
0
0
0
0
0
0
0
0
0
0
0
0
0
0
0
0
0
0
0
0
0
0
0
0
0
0
0
0
0
0
0
0
0
0
0
0
0
0
0
0
0
0
0
0
0
0
0
0
0
0
0
0
0
0
0
0
0
0
0
0
0
0
0
0
0
0
0
0
0
0
0
0
0
0
0
0
0
0
0
0
0
0
0
0
0
0
0
0
0
0
0
0
0
0
0
0
0
0
0
0
0
0
0
0
0
0
0
0
0
0
0
0
0
0
0
0
0
0
0
0
0
0
0
0
0
0
0
0
0
0
0
0
0
0
0
0
0
0
0
0
0
0
0
0
0
0
0
0
0
0
0
0
0
0
0
0
0
0
0
0
0
0
0
0
0
0
0
0
0
0
0
0
0
0
0
0
0
0
0
0
0
0
0
0
0
0
0
0
0
0
0
0
0
0
0
0
0
0
0
0
0
0
0
0
0
0
0
0
0
0
0
0
0
0
0
0
0
0
0
0
0
0
0
0
0
0
0
0
0
0
0
0
0
0
0
0
0
0
0
0
0
0
0
0
0
0
0
0
0
0
0
0
0
0
0
0
0
0
0
0
0
0
0
0
0
0
0
0
0
0
0
0
0
0
0
0
0
0
0
0
0
0
0
0
0
0
0
0
0
0
0
0
0
0
0
0
0
0
0
0
0
0
0
0
0
0
0
0
0
0
0
0
0
0
0
0
0
0
0
0
0
0
0
0
0
0
0
0
0
0
0
0
0
0
0
0
0
0
0
0
0
0
0
0
0
0
0
0
0
0
0
0
0
0
0
0
0
0
0
0
0
0
0
0
0
0
0
0
0
0
0
0
0
0
0
0
0
0
0
0
0
0
0
0
0
0
0
0
0
0
0
0
0
0
0
0
0
0
0
0
0
0
0
0
0
0
0
0
0
0
0
0
0
0
0
0
0
0
0
0
0
0
0
0
0
0
0
0
0
0
0
0
0
0
0
0
0
0
0
0
0
0
0
0
0
0
0
0
0
0
0
0
0
0
0
0
0
0
0
0
0
0
0
0
0
0
0
0
0
0
0
0
0
0
0
0
0
0
0
0
0
0
0
0
0
0
0
0
0
0
0
0
0
0
0
0
0
0
0
0
0
0
0
0
0
0
0
0
0
0
0
0
0
0
0
0
0
0
0
0
0
0
0
0
0
0
0
0
0
0
0
0
0
0
0
0
0
0
0
0
0
0
0
0
0
0
0
0
0
0
0
0
0
0
0
0
0
0
0
0
0
0
0
0
0
0
0
0
0
0
0
0
0
0
0
0
0
0
0
0
0
0
0
0
0
0
0
0
0
0
0
0
0
0
0
0
0
0
0
0
0
0
0
0
0
0
0
0
0
0
0
0
0
0
0
0
0
0
0
0
0
0
0
0
0
0
0
0
0
0
0
0
0
0
0
0
0
0
0
0
0
0
0
0
0
0
0
0
0
0
0
0
0
0
0
0
0
0
0
0
0
0
0
0
0
0
0
0
0
0
0
0
0
0
0
0
0
0
0
0
0
0
0
0
0
0
0
0
0
0
0
0
0
0
0
0
0
0
0
0
0
0
0
0
0
0
0
0
0
0
0
0
0
0
0
0
0
0
0
0
0
0
0
0
0
0
0
0
0
0
0
0
0
0
0
0
0
0
0
0
0
0
0
0
0
0
0
0
0
0
0
0
0
0
0
0
0
0
0
0
0
0
0
0
0
0
0
0
0
0
0
0
0
0
0
0
0
0
0
0
0
0
0
0
0
0
0
0
0
0
0
0
0
0
0
0
0
0
0
0
0
0
0
0
0
0
0
0
0
0
0
0
0
0
0
0
0
0
0
0
0
0
0
0
0
0
0
0
0
0
0
0
0
0
0
0
0
0
0
0
0
0
0
0
0
0
0
0
0
0
0
0
0
0
0
0
0
0
0
0
0
0
0
0
0
0
0
0
0
0
0
0
0
0
0
0
0
0
0
0
0
0
0
0
0
0
0
0
0
0
0
0
0
0
0
0
0
0
0
0
0
0
0
0
0
0
0
0
0
0
0
0
0
0
0
0
0
0
0
0
0
0
0
0
0
0
0
0
0
0
0
0
0
0
0
0
0
0
0
0
0
0
0
0
0
0
0
0
0
0
0
0
0
0
0
0
0
0
0
0
0
0
0
0
0
0
0
0
0
0
0
0
0
0
0
0
0
0
0
0
0
0
0
0
0
0
0
0
0
0
0
0
0
0
0
0
0
0
0
0
0
0
0
0
0
0
0
0
0
0
0
0
0
0
0
0
0
0
0
0
0
0
0
0
0
0
0
0
0
0
0
0
0
0
0
0
0
0
0
0
0
0
0
0
0
0
0
0
0
0
0
0
0
0
0
0
0
0
0
0
0
0
0
0
0
0
0
0
0
0
0
0
0
0
0
0
0
0
0
0
0
0
0
0
0
0
0
0
0
0
0
0
0
0
0
0
0
0
0
0
0
0
0
0
0
0
0
0
0
0
0
0
0
0
0
0
0
0
0
0
0
0
0
0
0
0
0
0
0
0
0
0
0
0
0
0
0
0
0
0
0
0
0
0
0
0
0
0
0
0
0
0
0
0
0
0
0
0
0
0
0
0
0
0
0
0
0
0
0
0
0
0
0
0
0
0
0
0
0
0
0
0
0
0
0
0
0
0
0
0
0
0
0
0
0
0
0
0
0
0
0
0
0
0
0
0
0
0
0
0
0
0
0
0
0
0
0
0
0
0
0
0
0
0
0
0
0
0
0
0
0
0
0
0
0
0
0
0
0
0
0
0
0
0
0
0
0
0
0
0
0
0
0
0
0
0
0
0
0
0
0
0
0
0
0
0
0
0
0
0
0
0
0
0
0
0
0
0
0
0
0
0
0
0
0
0
0
0
0
0
0
0
0
0
0
0
0
0
0
0
0
0
0
0
0
0
0
0
0
0
0
0
0
0
0
0
0
0
0
0
0
0
0
0
0
0
0
0
0
0
0
0
0
0
0
0
0
0
0
0
0
0
0
0
0
0
0
0
0
0
0
0
0
0
0
0
0
0
0
0
0
0
0
0
0
0
0
0
0
0
0
0
0
0
0
0
0
0
0
0
0
0
0
0
0
0
0
0
0
0
0
0
0
0
0
0
0
0
0
0
0
0
0
0
0
0
0
0
0
0
0
0
0
0
0
0
0
0
0
0
0
0
0
0
0
0
0
0
0
0
0
0
0
0
0
0
0
0
0
0
0
0
0
0
0
0
0
0
0
0
0
0
0
0
0
0
0
0
0
0
0
0
0
0
0
0
0
0
0
0
0
0
0
0
0
0
0
0
0
0
0
0
0
0
0
0
0
0
0
0
0
0
0
0
0
0
0
0
0
0
0
0
0
0
0
0
0
0
0
0
0
0
0
0
0
0
0
0
0
0
0
0
0
0
0
0
0
0
0
0
0
0
0
0
0
0
0
0
0
0
0
0
0
0
0
0
0
0
0
0
0
0
0
0
0
0
0
0
0
0
0
0
0
0
0
0
0
0
0
0
0
0
0
0
0
0
0
0
0
0
0
0
0
0
0
0
0
0
0
0
0
0
0
0
0
0
0
0
0
0
0
0
0
0
0
0
0
0
0
0
0
0
0
0
0
0
0
0
0
0
0
0
0
0
0
0
0
0
0
0
0
0
0
0
0
0
0
0
0
0
0
0
0
0
0
0
0
0
0
0
0
0
0
0
0
0
0
0
0
0
0
0
0
0
0
0
0
0
0
0
0
0
0
0
0
0
0
0
0
0
0
0
0
0
0
0
0
0
0
0
0
0
0
0
0
0
0
0
0
0
0
0
0
0
0
0
0
0
0
0
0
0
0
0
0
0
0
0
0
0
0
0
0
0
0
0
0
0
0
20.8608
55.9065
89.6104
121.631
151.986
180.724
207.898
233.561
257.768
280.575
301.999
322.057
340.804
358.301
374.608
389.783
403.884
416.968
429.091
440.304
450.662
460.213
469.007
477.089
484.505
491.297
497.507
503.173
508.332
513.021
517.272
521.117
524.586
527.708
530.509
533.014
535.247
537.231
538.986
540.531
541.884
543.063
544.084
544.96
545.707
546.335
546.857
547.285
547.627
547.893
548.091
548.23
548.316
548.356
548.356
548.321
548.256
548.166
548.055
547.926
547.782
547.627
547.464
547.294
547.12
546.943
546.766
546.589
546.414
546.242
546.074
545.911
545.753
545.6
545.454
545.315
545.182
545.057
544.939
544.828
544.724
544.628
544.538
544.456
544.381
544.313
544.251
544.196
544.148
544.105
544.068
544.037
544.011
543.99
543.975
543.964
543.957
543.955
543.957
543.962
543.971
543.984
544
544.019
544.041
544.065
544.092
544.121
544.153
544.186
544.221
544.258
544.297
544.337
544.379
544.422
544.466
544.511
544.557
544.604
544.652
544.701
544.75
544.8
544.85
544.901
544.953
545.005
545.057
545.11
545.162
545.215
545.269
545.322
545.376
545.43
545.484
545.538
545.592
545.646
545.7
545.754
545.808
545.862
545.917
545.971
546.025
546.079
546.133
546.187
546.241
546.295
546.349
546.403
546.457
546.51
546.564
546.618
546.671
546.725
546.778
546.831
546.885
546.938
546.991
547.044
547.097
547.15
547.203
547.256
547.308
547.361
547.414
547.466
547.519
547.571
547.623
547.676
547.728
547.78
547.832
547.885
547.937
547.989
548.04
548.092
548.144
548.196
548.248
548.299
548.351
548.403
548.454
548.506
548.557
548.609
548.66
548.711
548.762
548.814
548.865
548.916
548.967
549.018
549.069
549.12
549.171
549.222
549.273
549.324
549.374
549.425
549.476
549.527
549.577
549.628
549.678
549.729
549.779
549.83
549.88
549.93
549.981
550.031
550.081
550.131
550.181
550.231
550.282
550.332
550.382
550.431
550.481
550.531
550.581
550.631
550.681
550.73
550.78
550.83
550.879
550.929
550.978
551.028
551.077
551.126
551.176
551.225
551.274
551.324
551.373
551.422
551.471
551.52
551.569
551.618
551.667
551.716
551.765
551.814
551.863
551.911
551.96
552.009
552.057
552.106
552.155
552.203
552.252
552.3
552.348
552.395
552.439
552.477
552.513
552.546
552.578
552.609
552.64
552.67
552.701
552.733
552.765
552.797
552.83
552.863
552.898
552.933
552.968
553.004
553.041
553.079
553.117
553.155
553.194
553.234
553.274
553.315
553.356
553.397
553.439
553.481
553.524
553.567
553.61
553.653
553.697
553.741
553.785
553.829
553.874
553.919
553.964
554.009
554.054
554.099
554.144
554.19
554.235
554.281
554.327
554.373
554.418
554.464
554.51
554.556
554.602
554.648
554.694
554.74
554.786
554.831
554.877
554.923
554.969
555.015
555.061
555.107
555.152
555.198
555.244
555.29
555.335
555.381
555.427
555.472
555.518
555.563
555.609
555.654
555.699
555.745
555.79
555.835
555.88
555.926
555.971
556.016
556.061
556.106
556.151
556.196
556.241
556.285
556.33
556.375
556.42
556.464
556.509
556.554
556.598
556.643
556.687
556.731
556.776
556.82
556.864
556.909
556.953
556.997
557.041
557.085
557.129
557.173
557.217
557.261
557.305
557.349
557.392
557.436
557.48
557.524
557.567
557.611
557.654
557.698
557.741
557.785
557.828
557.871
557.915
557.96
558.009
558.062
558.119
558.177
558.236
558.296
558.357
558.417
558.477
558.536
558.595
558.653
558.711
558.768
558.824
558.879
558.934
558.988
559.041
559.093
559.145
559.197
559.247
559.297
559.347
559.396
559.444
559.492
559.539
559.586
559.633
559.679
559.725
559.771
559.816
559.861
559.905
559.949
559.993
560.037
560.081
560.124
560.167
560.21
560.252
560.295
560.337
560.38
560.422
560.464
560.505
560.547
560.589
560.63
560.672
560.701
560.72
560.739
560.759
560.779
560.801
560.823
560.846
560.871
560.895
560.921
560.947
560.974
561.002
561.031
561.06
561.09
561.12
561.151
561.183
561.215
561.248
561.281
561.315
561.349
561.383
561.418
561.453
561.489
561.525
561.561
561.597
561.634
561.671
561.708
561.745
561.783
561.82
561.858
561.896
561.934
561.972
562.011
562.049
562.087
562.126
562.164
562.203
562.242
562.28
562.319
562.358
562.397
562.435
562.474
562.513
562.552
562.59
562.629
562.668
562.707
562.745
562.784
562.823
562.861
562.9
562.938
562.977
563.015
563.054
563.092
563.131
563.169
563.207
563.246
563.284
563.322
563.36
563.398
563.436
563.474
563.512
563.55
563.588
563.626
563.664
563.702
563.739
563.777
563.815
563.852
563.89
563.927
563.965
564.002
564.04
564.077
564.114
564.151
564.189
564.226
564.263
564.3
564.337
564.374
564.411
564.448
564.485
564.522
564.559
564.595
564.632
564.669
564.705
564.742
564.778
564.815
564.851
564.888
564.924
564.961
564.997
565.033
565.07
565.106
565.142
565.178
565.214
565.25
565.286
565.322
565.358
565.394
565.43
565.466
565.501
565.537
565.573
565.608
565.644
565.68
565.715
565.751
565.786
565.821
565.857
565.892
565.927
565.963
565.998
566.033
566.068
566.103
566.138
566.173
566.208
566.243
566.278
566.313
566.348
566.383
566.417
566.452
566.487
566.521
566.556
566.59
566.625
566.659
566.694
566.728
566.763
566.797
566.831
566.865
566.9
566.934
566.968
567.002
567.036
567.07
567.104
567.138
567.172
567.206
567.239
567.273
567.307
567.341
567.374
567.408
567.441
567.475
567.508
567.542
567.575
567.609
567.642
567.675
567.708
567.742
567.775
567.808
567.841
567.874
567.907
567.94
567.973
568.006
568.039
568.072
568.104
568.137
568.17
568.203
568.235
568.268
568.3
568.333
568.365
568.398
568.43
568.462
568.495
568.527
568.559
568.591
568.624
568.656
568.688
568.72
568.752
568.784
568.816
568.848
568.879
568.911
568.943
568.975
569.006
569.038
569.07
569.101
569.133
569.164
569.196
569.227
569.258
569.29
569.321
569.352
569.383
569.415
569.446
569.477
569.508
569.539
569.57
569.601
569.632
569.663
569.693
569.724
569.755
569.786
569.816
569.847
569.877
569.908
569.939
569.969
569.999
570.03
570.06
570.09
570.121
570.151
570.181
570.211
570.241
570.271
570.302
570.332
570.361
570.391
570.421
570.451
570.481
570.511
570.54
570.57
570.6
570.629
570.659
570.688
570.718
570.747
570.777
570.806
570.835
570.865
570.894
570.923
570.952
570.981
571.011
571.04
571.069
571.098
571.127
571.155
571.184
571.213
571.242
571.271
571.299
571.328
571.357
571.385
571.414
571.442
571.471
571.499
571.527
571.556
571.584
571.612
571.641
571.669
571.697
571.725
571.753
571.781
571.809
571.837
571.865
571.893
571.921
571.949
571.976
572.004
579.576
587.006
594.146
600.989
607.535
613.783
619.738
625.402
630.779
635.877
640.702
645.261
649.562
653.614
657.426
661.006
664.364
667.509
670.45
673.197
675.759
678.146
680.365
682.426
684.337
686.107
687.744
689.255
690.649
691.931
693.11
694.192
695.183
696.089
696.917
697.671
698.357
698.979
699.543
700.053
700.513
700.926
701.297
701.629
701.926
702.19
702.423
702.63
702.812
702.971
703.11
703.23
703.334
703.423
703.498
703.562
703.615
703.658
703.694
703.722
703.744
703.76
703.772
703.779
703.783
703.785
703.784
703.781
703.777
703.771
703.765
703.759
703.752
703.746
703.739
703.733
703.728
703.723
703.719
703.716
703.714
703.713
703.712
703.713
703.715
703.718
703.722
703.727
703.733
703.741
703.749
703.758
703.769
703.78
703.792
703.805
703.819
703.834
703.849
703.866
703.883
703.901
703.919
703.938
703.957
703.978
703.998
704.019
704.041
704.063
704.085
704.108
704.131
704.154
704.178
704.202
704.226
704.25
704.275
704.3
704.325
704.35
704.375
704.4
704.426
704.451
704.477
704.503
704.528
704.554
704.58
704.606
704.632
704.657
704.683
704.709
704.735
704.761
704.787
704.813
704.838
704.864
704.89
704.916
704.941
704.967
704.992
705.018
705.043
705.069
705.094
705.119
705.145
705.17
705.195
705.22
705.245
705.27
705.295
705.32
705.344
705.369
705.394
705.418
705.443
705.467
705.492
705.516
705.54
705.565
705.589
705.613
705.637
705.661
705.685
705.709
705.732
705.756
705.78
705.803
705.827
705.85
705.874
705.897
705.92
705.944
705.967
705.99
706.013
706.036
706.059
706.082
706.105
706.127
706.15
706.173
706.195
706.218
706.24
706.263
706.285
706.307
706.33
706.352
706.374
706.396
706.418
706.44
706.462
706.483
706.505
706.527
706.549
706.57
706.592
706.613
706.635
706.656
706.677
706.698
706.72
706.741
706.762
706.783
706.804
706.825
706.845
706.866
706.887
706.908
706.928
706.949
706.969
706.99
707.01
707.03
707.051
707.071
707.091
707.111
707.131
707.151
707.171
707.191
707.21
707.23
707.25
707.269
707.289
707.309
707.328
707.347
707.367
707.386
707.405
707.424
707.443
707.462
707.481
707.5
707.519
707.538
707.557
707.575
707.594
707.613
707.631
707.65
707.668
707.686
707.705
707.723
707.741
707.759
707.777
707.795
707.813
707.831
707.849
707.867
707.884
707.902
707.92
707.937
707.955
707.972
707.989
708.007
708.024
708.041
708.058
708.075
708.092
708.109
708.126
708.143
708.16
708.177
708.193
708.21
665.118
622.834
582.21
543.279
506.049
470.514
436.662
404.472
373.914
344.957
317.56
291.682
267.277
244.296
222.689
202.405
183.391
165.594
148.96
133.436
118.969
105.508
93.0016
81.3989
70.6514
60.7117
51.5336
43.0727
35.2858
28.1317
21.4102
15.0861
9.2898
3.98985
0
0
0
0
0
0
0
0
0
0
0
0
0
0
0
0
0
0
0
0
0
0
0
0
0
0
0
0
0
0
0
0
0
0
0
0
0
0
0
0
0
0
0
0
0
0
0
0
0
0
0
0
0
0
0
0
0
0
0
0
0
0
0
0
0
0
0
0
0
0
0
0
0
0
0
0
0
0
0
0
0
0
0
0
0
0
0
0
0
0
0
0
0
0
0
0
0
0
0
0
0
0
0
0
0
0
0
0
0
0
0
0
0
0
0
0
0
0
0
0
0
0
0
0
0
0
0
0
0
0
0
0
0
0
0
0
0
0
0
0
0
0
0
0
0
0
0
0
0
0
0
0
0
0
0
0
0
0
0
0
0
0
0
0
0
0
0
0
0
0
0
0
0
0
0
0
0
0
0
0
0
0
0
0
0
0
0
0
0
0
0
0
0
0
0
0
0
0
0
0
0
0
0
0
0
0
0
0
0
0
0
0
0
0
0
0
0
0
0
0
0
0
0
0
0
0
0
0
0
0
0
0
0
0
0
0
0
0
0
0
0
0
0
0
0
0
0
0
0
0
0
0
0
0
0
0
0
0
0
0
0
0
0
0
0
0
0
0
0
0
0
0
0
0
0
0
0
0
0
0
0
0
0
0
0
0
0
0
0
0
0
0
0
0
0
0
0
0
0
0
0
0
0
0
0
0
0
0
0
0
0
0
0
0
0
0
0
0
0
0
0
0
0
0
0
0
0
0
0
0
0
0
0
0
0
0
0
0
0
0
0
0
0
0
0
0
0
0
0
0
0
0
0
0
0
0
0
0
0
0
0
0
0
0
0
0
0
0
0
0
0
0
0
0
0
0
0
0
0
0
0
0
0
0
0
0
0
0
0
0
0
0
0
0
0
0
0
0
0
0
0
0
0
0
0
0
0
0
0
0
0
0
0
0
0
0
0
0
0
0
0
0
0
0
0
0
0
0
0
0
0
0
0
0
0
0
0
0
0
0
0
0
0
0
0
0
0
0
0
0
0
0
0
0
0
0
0
0
0
0
0
0
0
0
0
0
0
0
0
0
0
0
0
0
0
0
0
0
0
0
0
0
0
0
0
0
0
0
0
0
0
0
0
0
0
0
0
0
0
0
0
0
0
0
0
0
0
0
0
0
0
0
0
0
0
0
0
0
0
0
0
0
0
0
0
0
0
0
0
0
0
0
0
0
0
0
0
0
0
0
0
0
0
0
0
0
0
0
0
0
0
0
0
0
0
0
0
0
0
0
0
0
0
0
0
0
0
0
0
0
0
0
0
0
0
0
0
0
0
0
0
0
0
0
0
0
0
0
0
0
0
0
0
0
0
0
0
0
0
0
0
0
0
0
0
0
0
0
0
0
0
0
0
0
0
0
0
0
0
0
0
0
0
0
0
0
0
0
0
0
0
0
0
0
0
0
0
0
0
0
0
0
0
0
0
0
0
0
0
0
0
0
0
0
0
0
0
0
0
0
0
0
0
0
0
0
0
0
0
0
0
0
0
0
0
0
0
0
0
0
0
0
0
0
0
0
0
0
0
0
0
0
0
0
0
0
0
0
0
0
0
0
0
0
0
0
0
0
0
0
0
0
0
0
0
0
0
0
0
0
0
0
0
0
0
0
0
0
0
0
0
0
0
0
0
0
0
0
0
0
0
0
0
0
0
0
0
0
0
0
0
0
0
0
0
0
0
0
0
0
0
0
0
0
0
0
0
0
0
0
0
0
0
0
0
0
0
0
0
0
0
0
0
0
0
0
0
0
0
0
0
0
0
0
0
0
0
0
0
0
0
0
0
0
0
0
0
0
0
0
0
0
0
0
0
0
0
0
0
0
0
0
0
0
0
0
0
0
0
0
0
0
0
0
0
0
0
0
0
0
0
0
0
0
0
0
0
0
0
0
0
0
0
0
0
0
0
0
0
0
0
0
0
0
0
0
0
0
0
0
0
0
0
0
0
0
0
0
0
0
0
0
0
0
0
0
0
0
0
0
0
0
0
0
0
0
0
0
0
0
0
0
0
0
0
0
0
0
0
0
0
0
0
0
0
0
0
0
0
0
0
0
0
0
0
0
0
0
0
0
0
0
0
0
0
0
0
0
0
0
0
0
0
0
0
0
0
0
0
0
0
0
0
0
0
0
0
0
0
0
0
0
0
0
0
0
0
0
0
0
0
0
0
0
0
0
0
0
0
0
0
0
0
0
0
0
0
0
0
0
0
0
0
0
0
0
0
0
0
0
0
0
0
0
0
0
0
0
0
0
0
0
0
0
0
0
0
0
0
0
0
0
0
0
0
0
0
0
0
0
0
0
0
0
0
0
0
0
0
0
0
0
0
0
0
0
0
0
0
0
0
0
0
0
0
0
0
0
0
0
0
0
0
0
0
0
0
0
0
0
0
0
0
0
0
0
0
0
0
0
0
0
0
0
0
0
0
0
0
0
0
0
0
0
0
0
0
0
0
0
0
0
0
0
0
0
0
0
0
0
0
0
0
0
0
0
0
0
0
0
0
0
0
0
0
0
0
0
0
0
0
0
0
0
0
0
0
0
0
0
0
0
0
0
0
0
0
0
0
0
0
0
0
0
0
0
0
0
0
0
0
0
0
0
0
0
0
0
0
0
0
0
0
0
0
0
0
0
0
0
0
0
0
0
0
0
0
0
0
0
0
0
0
0
0
0
0
0
0
0
0
0
0
0
0
0
0
0
0
0
0
0
0
0
0
0
0
0
0
0
0
0
0
0
0
0
0
0
0
0
0
0
0
0
0
0
0
0
0
0
0
0
0
0
0
0
0
0
0
0
0
0
0
0
0
0
0
0
0
0
0
0
0
0
0
0
0
0
0
0
0
0
0
0
0
0
0
0
0
0
0
0
0
0
0
0
0
0
0
0
0
0
0
0
0
0
0
0
0
0
0
0
0
0
0
0
0
0
0
0
0
0
0
0
0
0
0
0
0
0
0
0
0
0
0
0
0
0
0
0
0
0
0
0
0
0
0
0
0
0
0
0
0
0
0
0
0
0
0
0
0
0
0
0
0
0
0
0
0
0
0
0
0
0
0
0
0
0
0
0
0
0
0
0
0
0
0
0
0
0
0
0
0
0
0
0
0
0
0
0
0
0
0
0
0
0
0
0
0
0
0
0
0
0
0
0
0
0
0
0
0
0
0
0
0
0
0
0
0
0
0
0
0
0
0
0
0
0
0
0
0
0
0
0
0
0
0
0
0
0
0
0
0
0
0
0
0
0
0
0
0
0
0
0
0
0
0
0
0
0
0
0
0
0
0
0
0
0
0
0
0
0
0
0
0
0
0
0
0
0
0
0
0
0
0
0
0
0
0
0
0
0
0
0
0
0
0
0
0
0
0
0
0
0
0
0
0
0
0
0
0
0
0
0
0
0
0
0
0
0
0
0
0
0
0
0
0
0
0
0
0
0
0
0
0
0
0
0
0
0
0
0
0
0
0
0
0
0
0
0
0
0
0
0
0
0
0
0
0
0
0
0
0
0
0
0
0
0
0
0
0
0
0
0
0
0
0
0
0
0
0
0
0
0
0
0
0
0
0
0
0
0
0
0
0
0
0
0
0
0
0
0
0
0
0
0
0
0
0
0
0
0
0
0
0
0
0
0
0
0
0
0
0
0
0
0
0
0
0
0
0
0
0
0
0
0
0
0
0
0
0
0
0
0
0
0
0
0
0
0
0
0
0
0
0
0
0
0
0
0
0
0
0
0
0
0
0
0
0
0
0
0
0
0
0
0
0
0
0
0
0
0
0
0
0
0
0
0
0
0
0
0
0
0
0
0
0
0
0
0
0
0
0
0
0
0
0
0
0
0
0
0
0
0
0
0
0
0
0
0
0
0
0
0
0
0
0
0
0
0
0
0
0
0
0
0
0
0
0
0
0
0
0
0
0
0
0
0
0
0
0
0
0
0
0
0
0
0
0
0
0
0
0
0
0
0
0
0
0
0
0
0
0
0
0
0
0
0
0
0
0
0
0
0
0
0
0
0
0
0
0
0
0
0
0
0
0
0
0
0
0
0
0
0
0
0
0
0
0
0
0
0
0
0
0
0
0
0
0
0
0
0
0
0
0
0
0
0
0
0
0
0
0
0
0
0
0
0
0
0
0
0
0
0
0
0
0
0
0
0
0
0
0
0
0
0
0
0
0
0
0
0
0
0
0
0
0
0
0
0
0
0
0
0
0
0
0
0
0
0
0
0
0
0
0
0
0
0
0
0
0
0
0
0
0
0
0
0
0
0
0
0
0
0
0
0
0
0
0
0
0
0
0
0
0
0
0
0
0
0
0
0
0
0
0
0
0
0
0
0
0
0
0
0
0
0
0
0
0
0
0
0
0
0
0
0
0
0
0
0
0
0
0
0
0
0
0
0
0
0
0
0
0
0
0
0
0
0
0
0
0
0
0
0
0
0
0
0
0
0
0
0
0
0
0
0
0
0
0
0
0
0
0
0
0
0
0
0
0
0
0
0
0
0
0
0
0
0
0
0
0
0
0
0
0
0
0
0
0
0
0
0
0
0
0
0
0
0
0
0
0
0
0
0
0
0
0
0
0
0
0
0
0
0
0
0
0
0
0
0
0
0
0
0
0
0
0
0
0
0
0
0
0
0
0
0
0
0
0
0
0
0
0
0
0
0
0
0
0
0
0
0
0
0
0
0
0
0
0
0
0
0
0
0
0
0
0
0
0
0
0
0
0
0
0
0
0
0
0
0
0
0
0
0
0
0
0
0
0
0
0
0
0
0
0
0
0
0
0
0
0
0
0
0
0
0
0
0
0
0
0
0
0
0
0
0
0
0
0
0
0
0
0
0
0
0
0
0
0
0
0
0
0
0
0
0
0
0
0
0
0
0
0
0
0
0
0
0
0
0
0
0
0
0
0
0
0
0
0
0
0
0
0
0
0
0
0
0
0
0
0
0
0
0
0
0
0
0
0
0
0
0
0
0
0
0
0
0
0
0
0
0
0
0
0
0
0
0
0
0
0
0
0
0
0
0
0
0
0
0
0
0
0
0
0
0
0
0
0
0
0
0
0
0
0
0
0
0
0
0
0
0
0
0
0
0
0
0
0
0
0
0
0
0
0
0
0
0
0
0
0
0
0
0
0
0
0
0
0
0
0
0
0
0
0
0
0
0
0
0
0
0
0
0
0
0
0
0
0
0
0
0
0
0
0
0
0
0
0
0
0
0
0
0
0
0
0
0
0
0
0
0
0
0
0
0
0
0
0
0
0
0
0
0
0
0
0
0
0
0
0
0
0
0
0
0
0
0
0
0
0
0
0
0
0
0
0
0
0
0
0
0
0
0
0
0
0
0
0
0
0
0
0
0
0
0
0
0
0
0
0
0
0
0
0
0
0
0
0
0
0
0
0
0
0
0
0
0
0
0
0
0
0
0
0
0
0
0
0
0
0
0
0
0
0
0
0
0
0
0
0
0
0
0
0
0
0
0
0
0
0
0
0
0
0
0
0
0
0
0
0
0
0
0
0
0
0
0
0
0
0
0
0
0
0
0
0
0
0
0
0
0
0
0
0
0
0
0
0
0
0
0
0
0
0
0
0
0
0
0
0
0
0
0
0
0
0
0
0
0
0
0
0
0
0
0
0
0
0
0
0
0
0
0
0
0
0
0
0
0
0
0
0
0
0
0
0
0
0
0
0
0
0
0
0
0
0
0
0
0
0
0
0
0
0
0
0
0
0
0
0
0
0
0
0
0
0
0
0
0
0
0
0
0
0
0
0
0
0
0
0
0
0
0
0
0
0
0
0
0
0
0
0
0
0
0
0
0
0
0
0
0
0
0
0
0
0
0
0
0
0
1.7479
7.31391
12.0157
15.8403
18.8718
21.1947
22.8868
24.0193
24.6574
24.8607
24.6835
24.1751
23.3805
22.3405
21.0918
19.6678
18.0984
16.4106
14.6286
12.7739
10.8658
8.92136
6.95561
4.98184
3.01171
1.05533
0
0
0
0
0
0
0
0
0
0
0
0
0
0
0
0
0
0
0
0
0
0
0
0
0
0
0
0
0
0
0
0
0
0
0
0
0
0
0
0
0
0
0
0
0
0
0
0
0
0
0
0
0
0
0
0
0
0
0
0
0
0
0
0
0
0
0
0
0
0
0
0
0
0
0
0
0
0
0
0
0
0
0
0
0
0
0
0
0
0
0
0
0
0
0
0
0
0
0
0
0
0
0
0
0
0
0
0
0
0
0
0
0
0
0
0
0
0
0
0
0
0
0
0
0
0
0
0
0
0
0
0
0
0
0
0
0
0
0
0
0
0
0
0
0
0
0
0
0
0
0
0
0
0
0
0
0
0
0
0
0
0
0
0
0
0
0
0
0
0
0
0
0
0
0
0
0
0
0
0
0
0
0
0
0
0
0
0
0
0
0
0
0
0
0
0
0
0
0
0
0
0
0
0
0
0
0
0
0
0
0
0
0
0
0
0
0
0
0
0
0
0
0
0
0
0
0
0
0
0
0
0
0
0
0
0
0
0
0
0
0
0
0
0
0
0
0
0
0
0
0
0
0
0
0
0
0
0
0
0
0
0
0
0
0
0
0
0
0
0
0
0
0
0
0
0
0
0
0
0
0
0
0
0
0
0
0
0
0
0
0
0
0
0
0
0
0
0
0
0
0
0
0
0
0
0
0
0
0
0
0
0
0
0
0
0
0
0
0
0
0
0
0
0
0
0
0
0
0
0
0
0
0
0
0
0
0
0
0
0
0
0
0
0
0
0
0
0
0
0
0
0
0
0
0
0
0
0
0
0
0
0
0
0
0
0
0
0
0
0
0
0
0
0
0
0
0
0
0
0
0
0
0
0
0
0
0
0
0
0
0
0
0
0
0
0
0
0
0
0
0
0
0
0
0
0
0
0
0
0
0
0
0
0
0
0
0
0
0
0
0
0
0
0
0
0
0
0
0
0
0
0
0
0
0
0
0
0
0
0
0
0
0
0
0
0
0
0
0
0
0
0
0
0
0
0
0
0
0
0
0
0
0
0
0
0
0
0
0
0
0
0
0
0
0
0
0
0
0
0
0
0
0
0
0
0
0
0
0
0
0
0
0
0
0
0
0
0
0
0
0
0
0
0
0
0
0
0
0
0
0
0
0
0
0
0
0
0
0
0
0
0
0
0
0
0
0
0
0
0
0
0
0
0
0
0
0
0
0
0
0
0
0
0
0
0
0
0
0
0
0
0
0
0
0
0
0
0
0
0
0
0
0
0
0
0
0
0
0
0
0
0
0
0
0
0
0
0
0
0
0
0
0
0
0
0
0
0
0
0
0
0
0
0
0
0
0
0
0
0
0
0
0
0
0
0
0
0
0
0
0
0
0
0
0
0
0
0
0
0
0
0
0
0
0
0
0
0
0
0
0
0
0
0
0
0
0
0
0
0
0
0
0
0
0
0
0
0
0
0
0
0
0
0
0
0
0
0
0
0
0
0
0
0
0
0
0
0
0
0
0
0
0
0
0
0
0
0
0
0
0
0
0
0
0
0
0
0
0
0
0
0
0
0
0
0
0
0
0
0
0
0
0
0
0
0
0
0
0
0
0
0
0
0
0
0
0
0
0
0
0
0
0
0
0
0
0
0
0
0
0
0
0
0
0
0
0
0
0
0
0
0
0
0
0
0
0
0
0
0
0
0
0
0
0
0
0
0
0
0
0
0
0
0
0
0
0
0
0
0
0
0
0
0
0
0
0
0
0
0
0
0
0
0
0
0
0
0
0
0
0
0
0
0
0
0
0
0
0
0
0
0
0
0
0
0
0
0
0
0
0
0
0
0
0
0
0
0
0
0
0
0
0
0
0
0
0
0
0
0
0
0
0
0
0
0
0
0
0
0
0
0
0
0
0
0
0
0
0
0
0
0
0
0
0
0
0
0
0
0
0
0
0
0
0
0
0
0
0
0
0
0
0
0
0
0
0
0
0
0
0
0
0
0
0
0
0
0
0
0
0
0
0
0
0
0
0
0
0
0
0
0
0
0
0
0
0
0
0
0
0
0
0
0
0
0
0
0
0
0
0
0
0
0
0
0
0
0
0
0
0
0
0
0
0
0
0
0
0
0
0
0
0
0
0
0
0
0
0
0
0
0
0
0
0
0
0
0
0
0
0
0
0
0
0
0
0
0
0
0
0
0
0
0
0
0
0
0
0
0
0
0
0
0
0
0
0
0
0
0
0
0
0
0
0
0
0
0
0
0
0
0
0
0
0
0
0
0
0
0
0
0
0
0
0
0
0
0
0
0
0
0
0
0
0
0
0
0
0
0
0
0
0
0
0
0
0
0
0
0
0
0
0
0
0
0
0
0
0
0
0
0
0
0
0
0
0
0
0
0
0
0
0
0
0
0
0
0
0
0
0
0
0
0
0
0
0
0
0
0
0
0
0
0
0
0
0
0
0
0
0
0
0
0
0
0
0
0
0
0
0
0
0
0
0
0
0
0
0
0
0
0
0
0
0
0
0
0
0
0
0
0
0
0
0
0
0
0
0
0
0
0
0
0
0
0
0
0
0
0
0
0
0
0
0
0
0
0
0
0
0
0
0
0
0
0
0
0
0
0
0
0
0
0
0
0
0
0
0
0
0
0
0
0
0
0
0
0
0
0
0
0
0
0
0
0
0
0
0
0
0
0
0
0
0
0
0
0
0
0
0
0
0
0
0
0
0
0
0
0
0
0
0
0
0
0
0
0
0
0
0
0
0
0
0
0
0
0
0
0
0
0
0
0
0
0
0
0
0
0
0
0
0
0
0
0
0
0
0
0
0
0
0
0
0
0
0
0
0
0
0
0
0
0
0
0
0
0
0
0
0
0
0
0
0
0
0
0
0
0
0
0
0
0
0
0
0
0
0
0
0
0
0
0
0
0
0
0
0
0
0
0
0
0
0
0
0
0
0
0
0
0
0
0
0
0
0
0
0
0
0
0
0
0
0
0
0
0
0
0
0
0
0
0
0
0
0
0
0
0
0
0
0
0
0
0
0
0
0
0
0
0
0
0
0
0
0
0
0
0
0
0
0
0
0
0
0
0
0
0
0
0
0
0
0
0
0
0
0
0
0
0
0
0
0
0
0
0
0
0
0
0
0
0
0
0
0
0
0
0
0
0
0
0
0
0
0
0
0
0
0
0
0
0
0
0
0
0
0
0
0
0
0
0
0
0
0
0
0
0
0
0
0
0
0
0
0
0
0
0
0
0
0
0
0
0
0
0
0
0
0
0
0
0
0
0
0
0
0
0
0
0
0
0
0
0
0
0
0
0
0
0
0
0
0
0
0
0
0
0
0
0
0
0
0
0
0
0
0
0
0
0
0
0
0
0
0
0
0
0
0
0
0
0
0
0
0
0
0
0
0
0
0
0
0
0
0
0
0
0
0
0
0
0
0
0
0
0
0
0
0
0
0
0
0
0
0
0
0
0
0
0
0
0
0
0
0
0
0
0
0
0
0
0
0
0
0
0
0
0
0
0
0
0
0
0
0
0
0
0
0
0
0
0
0
0
0
0
0
0
0
0
0
0
0
0
0
0
0
0
0
0
0
0
0
0
0
0
0
0
0
0
0
0
0
0
0
0
0
0
0
0
0
0
0
0
0
0
0
0
0
0
0
0
0
0
0
0
0
0
0
0
0
0
0
0
0
0
0
0
0
0
0
0
0
0
0
0
0
0
0
0
0
0
0
0
0
0
0
0
0
0
0
0
0
0
0
0
0
0
0
0
0
0
0
0
0
0
0
0
0
0
0
0
0
0
0
0
0
0
0
0
0
0
0
0
0
0
0
0
0
0
0
0
0
0
0
0
0
0
0
0
0
0
0
0
0
0
0
0
0
0
0
0
0
0
0
0
0
0
0
0
0
0
0
0
0
0
0
0
0
0
0
0
0
0
0
0
0
0
0
0
0
0
0
0
0
0
0
0
0
0
0
0
0
0
0
0
0
0
0
0
0
0
0
0
0
0
0
0
0
0
0
0
0
0
0
0
0
0
0
0
0
0
0
0
0
0
0
0
0
0
0
0
0
0
0
0
0
0
0
0
0
0
0
0
0
0
0
0
0
0
0
0
0
0
0
0
0
0
0
0
0
0
0
0
0
0
0
0
0
0
0
0
0
0
0
0
0
0
0
0
0
0
0
0
0
0
0
0
0
0
0
0
0
0
0
0
0
0
0
0
0
0
0
0
0
0
0
0
0
0
0
0
0
0
0
0
0
0
0
0
0
0
0
0
0
0
0
0
0
0
0
0
0
0
0
0
0
0
0
0
0
0
0
0
0
0
0
0
0
0
0
0
0
0
0
0
0
0
0
0
0
0
0
0
0
0
0
0
0
0
0
0
0
0
0
0
0
0
0
0
0
0
0
0
0
0
0
0
0
0
0
0
0
0
0
0
0
0
0
0
0
0
0
0
0
0
0
0
0
0
0
0
0
0
0
0
0
0
0
0
0
0
0
0
0
0
0
0
0
0
0
0
0
0
0
0
0
0
0
0
0
0
0
0
0
0
0
0
0
0
0
0
0
0
0
0
0
0
0
0
0
0
0
0
0
0
0
0
0
0
0
0
0
0
0
0
0
0
0
0
0
0
0
0
0
0
0
0
0
0
0
0
0
0
0
0
0
0
0
0
0
0
0
0
0
0
0
0
0
0
0
0
0
0
0
0
0
0
0
0
0
0
0
0
0
0
0
0
0
0
0
0
0
0
0
0
0
0
0
0
0
0
0
0
0
0
0
0
0
0
0
0
0
0
0
0
0
0
0
0
0
0
0
0
0
0
0
0
0
0
0
0
0
0
0
0
0
0
0
0
0
0
0
0
0
0
0
0
0
0
0
0
0
0
0
0
0
0
0
0
0
0
0
0
0
0
0
0
0
0
0
0
0
0
0
0
0
0
0
0
0
0
0
0
0
0
0
0
0
0
0
0
0
0
0
0
0
0
0
0
0
0
0
0
0
0
0
0
0
0
0
0
0
0
0
0
0
0
0
0
0
0
0
0
0
0
0
0
0
0
0
0
0
0
0
0
0
0
0
0
0
0
0
0
0
0
0
0
0
0
0
0
0
0
0
0
0
0
0
0
0
0
0
0
0
0
0
0
0
0
0
0
0
0
0
0
0
0
0
0
0
0
0
0
0
0
0
0
0
0
0
0
0
0
0
0
0
0
0
0
0
0
0
0
0
0
0
0
0
0
0
0
0
0
0
0
0
0
0
0
0
0
0
0
0
0
0
0
0
0
0
0
0
0
0
0
0
0
0
0
0
0
0
0
0
0
0
0
0
0
0
0
0
0
0
0
0
0
0
0
0
0
0
0
0
0
0
0
0
0
0
0
0
0
0
0
0
0
0
0
0
0
0
0
0
0
0
0
0
0
0
0
0
0
0
0
0
0
0
0
0
0
0
0
0
0
0
0
0
0
0
0
0
0
0
0
0
0
0
0
0
0
0
0
0
0
0
0
0
0
0
0
0
0
0
0
0
0
0
0
0
0
0
0
0
0
0
0
0
0
0
0
0
0
0
0
0
0
0
0
0
0
0
0
0
0
0
0
0
0
0
0
0
0
0
0
0
0
0
0
0
0
0
0
0
0
0
0
0
0
0
0
0
0
0
0
0
0
0
0
0
0
0
0
0
0
0
0
0
0
0
0
0
0
0
0
0
0
0
0
0
0
0
0
0
0
0
0
0
0
0
0
0
0
0
0
0
0
0
0
0
0
0
0
0
0
0
0
0
0
0
0
0
0
0
0
0
0
0
0
0
0
0
0
0
0
0
0
0
0
0
0
0
0
0
0
0
0
0
0
0
0
0
0
0
0
0
0
0
0
0
0
0
0
0
0
0
0
0
0
0
0
0
0
0
0
0
0
0
0
0
0
0
0
0
0
0
0
0
0
0
0
0
0
0
0
0
0
0
0
0
0
0
0
0
0
0
0
0
0
0
0
0
0
0
0
0
0
0
0
0
0
0
0
0
0
0
0
0
0
0
0
0
0
0
0
0
0
0
0
0
0
0
0
0
0
0
0
0
0
0
0
0
0
0
0
0
0
0
0
0
0
0
0
0
0
0
0
0
0
0
0
0
0
0
0
0
0
0
0
0
0
0
0
0
0
0
0
0
0
0
0
0
0
0
0
0
0
0
0
0
0
0
0
0
0
0
0
0
0
0
0
0
0
0
0
0
0
0
0
0
0
0
0
0
0
0
0
0
0
0
0
0
0
0
0
0
0
0
0
0
0
0
0
0
0
0
0
0
0
0
0
0
0
0
0
0
0
0
0
0
0
0
0
0
0
0
0
0
0
0
0
0
0
0
0
0
0
0
0
0
0
0
0
0
0
0
0
0
0
0
0
0
0
0
0
0
0
0
0
0
0
0
0
0
0
0
0
0
0
0
0
0
0
0
0
0
0
0
0
0
0
0
0
0
0
0
0
0
0
0
0
0
0
0
0
0
0
0
0
0
0
0
0
0
0
0
0
0
0
0
0
0
0
0
0
0
0
0
0
0
0
0
0
0
0
0
0
0
0
0
0
0
0
0
0
0
0
0
0
0
0
0
0
0
0
0
0
0
0
0
0
0
0
0
0
0
0
0
0
0
0
0
0
0
0
0
0
0
0
0
0
0
0
0
0
0
0
0
0
0
0
0
0
0
0
0
0
0
0
0
0
0
0
0
0
0
0
0
0
0
0
0
0
0
0
0
0
0
0
0
0
0
0
0
0
0
0
0
0
0
0
0
0
0
0
0
0
0
0
0
0
0
0
0
0
0
0
0
0
0
0
0
0
0
0
0
0
0
0
0
0
0
0
0
0
0
0
0
0
0
0
0
0
0
0
0
0
0
0
0
0
0
0
0
0
0
0
0
0
0
0
0
0
0
0
0
0
0
0
0
0
0
0
0
0
0
0
0
0
0
0
0
0
0
0
0
0
0
0
0
0
0
0
0
0
0
0
0
0
0
0
0
0
0
0
0
0
0
0
0
0
0
0
0
0
0
0
0
0
0
0
0
0
0
0
0
0
0
0
0
0
0
0
0
0
0
0
0
0
0
0
0
0
0
0
0
0
0
0
0
0
0
0
0
0
0
0
0
0
0
0
0
0
0
0
0
0
0
0
0
0
0
0
0
0
0
0
0
0
0
0
0
0
0
0
0
0
0
0
0
0
0
0
0
0
0
0
0
0
0
0
0
0
0
0
0
0
0
0
0
0
0
0
0
0
0
0
0
0
0
0
0
0
0
0
0
0
0
0
0
0
0
0
0
0
0
0
0
0
0
0
0.294819
23.6378
46.0964
67.1864
86.9335
105.402
122.657
138.758
153.769
167.746
180.747
192.826
204.037
214.426
224.01
232.81
240.876
248.255
254.992
261.132
266.715
271.781
276.367
280.509
284.239
287.589
290.588
293.264
295.644
297.752
299.611
301.242
302.664
303.898
304.96
305.866
306.632
307.27
307.795
308.217
308.547
308.797
308.974
309.088
309.146
309.155
309.122
309.053
308.952
308.826
308.677
308.511
308.33
308.138
307.937
307.731
307.521
307.31
307.098
306.889
306.682
306.479
306.281
306.089
305.904
305.725
305.554
305.391
305.236
305.089
304.951
304.821
304.699
304.586
304.48
304.383
304.294
304.213
304.139
304.072
304.013
303.96
303.914
303.874
303.841
303.813
303.791
303.774
303.762
303.754
303.752
303.753
303.759
303.768
303.781
303.797
303.817
303.839
303.864
303.892
303.922
303.955
303.989
304.026
304.064
304.104
304.145
304.188
304.232
304.278
304.324
304.372
304.42
304.469
304.52
304.57
304.622
304.674
304.726
304.779
304.832
304.886
304.94
304.994
305.049
305.104
305.159
305.214
305.269
305.324
305.38
305.436
305.491
305.547
305.603
305.658
305.714
305.77
305.826
305.881
305.937
305.993
306.048
306.104
306.16
306.215
306.271
306.326
306.382
306.437
306.492
306.548
306.603
306.658
306.713
306.768
306.823
306.878
306.933
306.988
307.043
307.097
307.152
307.207
307.262
307.316
307.371
307.425
307.48
307.534
307.589
307.643
307.697
307.752
307.806
307.86
307.914
307.968
308.023
308.077
308.131
308.185
308.239
308.293
308.347
308.401
308.455
308.509
308.563
308.616
308.67
308.724
308.778
308.832
308.885
308.939
308.993
309.046
309.1
309.154
309.207
309.261
309.314
309.368
309.422
309.475
309.529
309.582
309.636
309.689
309.742
309.796
309.849
309.903
309.956
310.009
310.063
310.116
310.169
310.222
310.276
310.329
310.382
310.435
310.488
310.542
310.595
310.648
310.701
310.754
310.807
310.86
310.913
310.966
311.019
311.072
311.125
311.178
311.231
311.284
311.337
311.39
311.442
311.495
311.548
311.601
311.654
311.706
311.759
311.812
311.864
311.917
311.97
312.022
312.075
312.128
312.18
312.233
312.285
312.338
312.39
312.443
312.495
312.548
312.6
312.653
312.705
312.758
312.81
312.862
312.915
312.967
313.019
313.072
313.124
313.176
313.228
313.28
313.333
313.385
313.437
313.489
313.541
313.593
313.645
313.697
313.75
313.802
313.854
313.906
313.958
314.01
314.061
314.113
314.165
314.217
314.269
314.321
314.373
314.424
314.476
314.528
314.58
314.632
314.683
314.735
314.787
314.838
314.89
314.942
314.993
315.045
315.096
315.148
315.199
315.251
315.302
315.354
315.405
315.457
315.508
315.56
315.611
315.663
315.714
315.765
315.817
315.868
315.919
315.97
316.022
316.073
316.124
316.175
316.226
316.278
316.329
316.38
316.431
316.482
316.533
316.584
316.635
316.686
316.737
316.788
316.839
316.89
316.941
316.992
317.043
317.094
317.144
317.195
317.246
317.297
317.348
317.398
317.449
317.5
317.551
317.601
317.652
317.703
317.753
317.804
317.854
317.905
317.956
318.006
318.057
318.107
318.158
318.208
318.259
318.309
318.359
318.41
318.46
318.511
318.561
318.611
318.662
318.712
318.762
318.812
318.863
318.913
318.963
319.013
319.063
319.113
319.164
319.214
319.264
319.314
319.364
319.414
319.464
319.514
319.564
319.614
319.664
319.714
319.764
319.814
319.863
319.913
319.963
320.013
320.063
320.112
320.162
320.212
320.262
320.311
320.361
320.411
320.46
320.51
320.56
320.609
320.659
320.708
320.758
320.807
320.857
320.906
320.956
321.005
321.055
321.104
321.154
321.203
321.252
321.302
321.351
321.4
321.45
321.499
321.548
321.597
321.647
321.696
321.745
321.794
321.843
321.892
321.942
321.991
322.04
322.089
322.138
322.187
322.236
322.285
322.334
322.383
322.432
322.481
322.529
322.578
322.627
322.676
322.725
322.774
322.822
322.871
322.92
322.969
323.017
323.066
323.115
323.163
323.212
323.261
323.309
323.358
323.406
323.455
323.503
323.552
323.6
323.649
323.697
323.746
323.794
323.843
323.891
323.939
323.988
324.036
324.084
324.133
324.181
324.229
324.277
324.326
324.374
324.422
324.47
324.518
324.566
324.615
324.663
324.711
324.759
324.807
324.855
324.903
324.951
324.999
325.047
325.095
325.143
325.19
325.238
325.286
325.334
325.382
325.43
325.477
325.525
325.573
325.621
325.668
325.716
325.764
325.811
325.859
325.907
325.954
326.002
326.049
326.097
326.144
326.192
326.239
326.287
326.334
326.382
326.429
326.477
326.524
326.571
326.619
326.666
326.713
326.761
326.808
326.855
326.902
326.95
326.997
327.044
327.091
327.138
327.186
327.233
327.28
327.327
327.374
327.421
327.468
327.515
327.562
327.609
327.656
327.703
327.75
327.797
327.843
327.89
327.937
327.984
328.031
328.078
328.124
328.171
328.218
328.265
328.311
328.358
328.405
328.451
328.498
328.544
328.591
328.638
328.684
328.731
328.777
328.824
328.87
328.917
328.963
329.009
329.056
329.102
329.149
329.195
329.241
329.288
329.334
329.38
329.426
329.473
329.519
329.565
329.611
329.657
329.704
329.75
329.796
329.842
329.888
329.934
329.98
330.026
330.072
330.118
330.164
330.21
330.256
330.302
330.348
330.394
330.44
330.485
330.531
330.577
330.623
330.669
330.714
330.76
330.806
330.852
330.897
330.943
330.988
331.034
331.08
331.125
331.171
331.216
331.262
331.307
331.353
331.398
331.444
331.489
331.535
331.58
331.626
331.671
331.716
331.762
331.807
331.852
331.898
331.943
331.988
332.033
332.078
332.124
332.169
332.214
332.259
332.304
332.349
332.394
332.44
332.485
332.53
332.574
332.616
332.658
332.698
332.738
332.778
332.818
332.857
332.897
332.937
332.977
333.017
333.057
333.097
333.138
333.179
333.22
333.261
333.302
333.344
333.385
333.427
333.469
333.511
333.554
333.596
333.639
333.682
333.724
333.767
333.81
333.853
333.897
333.94
333.983
334.027
334.07
334.114
334.157
334.201
334.245
334.288
334.332
334.376
334.42
334.464
334.508
334.551
334.595
334.639
334.683
334.727
334.771
334.815
334.859
334.903
334.947
334.991
335.035
335.079
335.122
335.166
335.21
335.254
335.298
335.342
335.386
335.429
335.473
335.517
335.561
335.605
335.648
335.692
335.736
335.779
335.823
335.867
335.91
335.954
335.997
336.041
336.085
336.128
336.172
336.215
336.259
336.302
336.346
336.389
336.432
336.476
336.519
336.562
336.606
336.649
336.692
336.736
336.779
336.822
336.865
336.908
336.952
336.995
337.038
337.081
337.124
337.167
337.21
337.253
337.296
337.339
337.382
337.425
337.468
337.511
337.554
337.597
337.64
337.683
337.726
313.52
289.768
266.951
245.086
224.177
204.222
185.213
167.139
149.982
133.725
118.345
103.819
90.1211
77.2235
65.0982
53.7161
43.0476
33.0626
23.7312
15.0235
6.90971
0
0
0
0
0
0
0
0
0
0
0
0
0
0
0
0
0
0
0
0
0
0
0
0
0
0
0
0
0
0
0
0
0
0
0
0
0
0
0
0
0
0
0
0
0
0
0
0
0
0
0
0
0
0
0
0
0
0
0
0
0
0
0
0
0
0
0
0
0
0
0
0
0
0
0
0
0
0
0
0
0
0
0
0
0
0
0
0
0
0
0
0
0
0
0
0
0
0
0
0
0
0
0
0
0
0
0
0
0
0
0
0
0
0
0
0
0
0
0
0
0
0
0
0
0
0
0
0
0
0
0
0
0
0
0
0
0
0
0
0
0
0
0
0
0
0
0
0
0
0
0
0
0
0
0
0
0
0
0
0
0
0
0
0
0
0
0
0
0
0
0
0
0
0
0
0
0
0
0
0
0
0
0
0
0
0
0
0
0
0
0
0
0
0
0
0
0
0
0
0
0
0
0
0
0
0
0
0
0
0
0
0
0
0
0
0
0
0
0
0
0
0
0
0
0
0
0
0
0
0
0
0
0
0
0
0
0
0
0
0
0
0
0
0
0
0
0
0
0
0
0
0
0
0
0
0
0
0
0
0
0
0
0
0
0
0
0
0
0
0
0
0
0
0
0
0
0
0
0
0
0
0
0
0
0
0
0
0
0
0
0
0
0
0
0
0
0
0
0
0
0
0
0
0
0
0
0
0
0
0
0
0
0
0
0
0
0
0
0
0
0
0
0
0
0
0
0
0
0
0
0
0
0
0
0
0
0
0
0
0
0
0
0
0
0
0
0
0
0
0
0
0
0
0
0
0
0
0
0
0
0
0
0
0
0
0
0
0
0
0
0
0
0
0
0
0
0
0
0
0
0
0
0
0
0
0
0
0
0
0
0
0
0
0
0
0
0
0
0
0
0
0
0
0
0
0
0
0
0
0
0
0
0
0
0
0
0
0
0
0
0
0
0
0
0
0
0
0
0
0
0
0
0
0
0
0
0
0
0
0
0
0
0
0
0
0
0
0
0
0
0
0
0
0
0
0
0
0
0
0
0
0
0
0
0
0
0
0
0
0
0
0
0
0
0
0
0
0
0
0
0
0
0
0
0
0
0
0
0
0
0
0
0
0
0
0
0
0
0
0
0
0
0
0
0
0
0
0
0
0
0
0
0
0
0
0
0
0
0
0
0
0
0
0
0
0
0
0
0
0
0
0
0
0
0
0
0
0
0
0
0
0
0
0
0
0
0
0
0
0
0
0
0
0
0
0
0
0
0
0
0
0
0
0
0
0
0
0
0
0
0
0
0
0
0
0
0
0
0
0
0
0
0
0
0
0
0
0
0
0
0
0
0
0
0
0
0
0
0
0
0
0
0
0
0
0
0
0
0
0
0
0
0
0
0
0
0
0
0
0
0
0
0
0
0
0
0
0
0
0
0
0
0
0
0
0
0
0
0
0
0
0
0
0
0
0
0
0
0
0
0
0
0
0
0
0
0
0
0
0
0
0
0
0
0
0
0
0
0
0
0
0
0
0
0
0
0
0
0
0
0
0
0
0
0
0
0
0
0
0
0
0
0
0
0
0
0
0
0
0
0
0
0
0
0
0
0
0
0
0
0
0
0
0
0
0
0
0
0
0
0
0
0
0
0
0
0
0
0
0
0
0
0
0
0
0
0
0
0
0
0
0
0
0
0
0
0
0
0
0
0
0
0
0
0
0
0
0
0
0
0
0
0
0
0
0
0
0
0
0
0
0
0
0
0
0
0
0
0
0
0
0
0
0
0
0
0
0
0
0
0
0
0
0
0
0
0
0
0
0
0
0
0
0
0
0
0
0
0
0
0
0
0
0
0
0
0
0
0
0
0
0
0
0
0
0
0
0
0
0
0
0
0
0
0
0
0
0
0
0
0
0
0
0
0
0
0
0
0
0
0
0
0
0
0
0
0
0
0
0
0
0
0
0
0
0
0
0
0
0
0
0
0
0
0
0
0
0
0
0
0
0
0
0
0
0
0
0
0
0
0
0
0
0
0
0
0
0
0
0
0
0
0
0
0
0
0
0
0
0
0
0
0
0
0
0
0
0
0
0
0
0
0
0
0
0
0
0
0
0
0
0
0
0
0
0
0
0
0
0
0
0
0
0
0
0
0
0
0
0
0
0
0
0
0
0
0
0
0
0
0
0
0
0
0
0
0
0
0
0
0
0
0
0
0
0
0
0
0
0
0
0
0
0
0
0
0
0
0
0
0
0
0
0
0
0
0
0
0
0
0
0
0
0
0
0
0
0
0
0
0
0
0
0
0
0
0
0
0
0
0
0
0
0
0
0
0
0
0
0
0
0
0
0
0
0
0
0
0
0
0
0
0
0
0
0
0
0
0
0
0
0
0
0
0
0
0
0
0
0
0
0
0
0
0
0
0
0
0
0
0
0
0
0
0
0
0
0
0
0
0
0
0
0
0
0
0
0
0
0
0
0
0
0
0
0
0
0
0
0
0
0
0
0
0
0
0
0
0
0
0
0
0
0
0
0
0
0
0
0
0
0
0
0
0
0
0
0
0
0
0
0
0
0
0
0
0
0
0
0
0
0
0
0
0
0
0
0
0
0
0
0
0
0
0
0
0
0
0
0
0
0
0
0
0
0
0
0
0
0
0
0
0
0
0
0
0
0
0
0
0
0
0
0
0
0
0
0
0
0
0
0
0
0
0
0
0
0
0
0
0
0
0
0
0
0
0
0
0
0
0
0
0
0
0
0
0
0
0
0
0
0
0
0
0
0
0
0
0
0
0
0
0
0
0
0
0
0
0
0
0
0
0
0
0
0
0
0
0
0
0
0
0
0
0
0
0
0
0
0
0
0
0
0
0
0
0
0
0
0
0
0
0
0
0
0
0
0
0
0
0
0
0
1.84996
20.779
39.0231
56.2163
72.3737
87.54
101.76
115.078
127.538
139.181
150.051
160.186
169.626
178.384
186.474
193.932
200.798
207.107
212.895
218.195
223.039
227.458
231.48
235.133
238.444
241.438
244.138
246.565
248.742
250.688
252.421
253.958
255.316
256.511
257.555
258.464
259.248
259.92
260.49
260.968
261.363
261.683
261.937
262.132
262.274
262.369
262.424
262.442
262.429
262.389
262.326
262.243
262.143
262.03
261.906
261.773
261.633
261.488
261.34
261.19
261.04
260.89
260.742
260.596
260.453
260.314
260.18
260.049
259.924
259.804
259.69
259.581
259.477
259.38
259.288
259.202
259.122
259.047
258.978
258.914
258.855
258.802
258.753
258.71
258.671
258.636
258.606
258.579
258.557
258.538
258.523
258.511
258.502
258.497
258.494
258.494
258.496
258.501
258.508
258.518
258.529
258.542
258.556
258.573
258.591
258.61
258.63
258.652
258.675
258.699
258.723
258.749
258.775
258.802
258.83
258.859
258.888
258.917
258.947
258.977
259.008
259.039
259.071
259.102
259.134
259.166
259.198
259.231
259.263
259.296
259.329
259.362
259.395
259.428
259.461
259.494
259.527
259.56
259.593
259.627
259.66
259.693
259.726
259.759
259.792
259.826
259.859
259.892
259.925
259.958
259.991
260.024
260.057
260.089
260.122
260.155
260.188
260.221
260.253
260.286
260.319
260.351
260.384
260.416
260.449
260.481
260.514
260.546
260.579
260.611
260.643
260.676
260.708
260.74
260.773
260.805
260.837
260.869
260.901
260.934
260.966
260.998
261.03
261.062
261.094
261.126
261.158
261.19
261.222
261.254
261.286
261.318
261.35
261.382
261.414
261.445
282.724
303.604
323.665
342.893
361.282
378.835
395.56
407.855
410.29
400.979
379.942
347.437
303.943
251.977
194.017
130.584
62.1876
0
0
0
14.2589
41.3223
69.4261
97.7976
126.052
153.918
181.194
207.733
233.426
258.199
282.001
304.798
326.576
347.328
367.06
385.783
403.514
420.276
436.095
450.999
465.019
478.185
490.532
502.093
512.902
522.993
532.401
541.158
549.299
556.855
563.857
570.338
576.326
581.851
586.939
591.619
595.916
599.854
603.456
606.747
609.745
612.473
614.95
617.192
619.219
621.046
622.688
624.16
625.476
626.648
627.688
628.608
629.418
630.127
630.745
631.28
631.74
632.133
632.464
632.741
632.969
633.152
633.297
633.408
633.488
633.542
633.573
633.583
633.577
633.556
633.522
633.479
633.427
633.368
633.305
633.238
633.168
633.097
633.025
632.954
632.884
632.815
632.749
632.685
632.625
632.567
632.513
632.463
632.417
632.375
632.337
632.303
632.274
632.248
632.227
632.21
632.197
632.187
632.182
632.18
632.181
632.187
632.195
632.207
632.222
632.239
632.26
632.283
632.309
632.337
632.368
632.401
632.435
632.472
632.511
632.551
632.593
632.636
632.681
632.727
632.774
632.822
632.872
632.922
632.974
633.026
633.079
633.133
633.187
633.242
633.297
633.353
633.41
633.466
633.524
633.581
633.639
633.697
633.755
633.814
633.872
633.931
633.99
634.049
634.108
634.168
634.227
634.286
634.346
634.405
634.465
634.524
634.584
634.643
634.702
634.762
634.821
634.88
634.94
634.999
635.058
635.117
635.176
635.235
635.294
635.353
635.412
635.471
635.529
635.588
635.647
635.705
635.764
635.822
635.88
635.938
635.997
636.055
636.113
636.171
636.229
636.286
636.344
636.402
636.459
636.517
636.575
636.632
636.689
636.747
636.804
636.861
636.918
636.975
637.032
637.089
637.146
637.203
637.26
637.317
637.373
637.43
637.486
637.543
637.599
637.656
637.712
637.768
637.825
637.881
637.937
637.993
638.049
638.105
638.161
638.217
638.272
638.328
638.384
638.437
638.485
638.529
638.569
638.607
638.644
638.679
638.715
638.75
638.786
638.823
638.859
638.897
638.935
638.974
639.013
639.054
639.095
639.137
639.179
639.222
639.266
639.311
639.356
639.401
639.447
639.494
639.541
639.589
639.637
639.686
639.735
639.784
639.833
639.883
639.933
639.984
640.034
640.085
640.136
640.188
640.239
640.291
640.342
640.394
640.446
640.498
640.55
640.603
640.655
640.707
640.76
640.812
640.864
640.917
640.969
641.022
641.074
641.127
641.179
641.232
641.284
641.337
641.389
641.441
641.494
641.546
641.598
641.65
641.703
641.755
641.807
641.859
641.911
641.963
642.015
642.067
642.118
642.17
642.222
642.273
642.325
642.377
642.428
642.479
642.531
642.582
642.633
642.685
642.736
642.787
642.838
642.889
642.94
642.991
643.041
643.092
643.143
643.194
643.244
643.295
643.345
643.396
643.446
643.496
643.547
643.597
643.647
643.697
643.747
643.797
643.847
643.897
643.947
644
644.058
644.121
644.186
644.254
644.322
644.391
644.461
644.53
644.598
644.666
644.733
644.8
644.866
644.931
644.995
645.058
645.12
645.182
645.243
645.303
645.362
645.421
645.478
645.536
645.592
645.648
645.703
645.758
645.812
645.866
645.919
645.972
646.024
646.076
646.128
646.179
646.23
646.281
646.331
646.381
646.43
646.48
646.529
646.578
646.627
646.676
646.724
646.759
646.781
646.804
646.827
646.852
646.877
646.903
646.931
646.959
646.988
647.017
647.048
647.079
647.112
647.145
647.179
647.213
647.248
647.284
647.321
647.358
647.395
647.433
647.472
647.511
647.551
647.591
647.631
647.672
647.713
647.755
647.797
647.839
647.881
647.924
647.966
648.009
648.052
648.096
648.139
648.183
648.226
648.27
648.314
648.358
648.402
648.446
648.49
648.535
648.579
648.623
648.668
648.712
648.756
648.8
648.845
648.889
648.933
648.978
649.022
649.066
649.11
649.154
649.198
649.243
649.287
649.331
649.375
649.419
649.462
649.506
649.55
649.594
649.637
649.681
649.725
649.768
649.812
649.855
649.898
649.942
649.985
650.028
650.071
650.114
650.157
650.2
650.243
650.286
650.329
650.372
650.414
650.457
650.5
650.542
650.585
650.627
650.669
650.712
650.754
650.796
650.838
650.88
650.922
650.964
651.006
651.048
651.09
651.132
651.174
651.215
651.257
651.299
651.34
651.381
651.423
651.464
651.506
651.547
651.588
651.629
651.67
651.711
651.752
651.793
651.834
651.875
651.916
651.957
651.997
652.038
652.078
652.119
652.159
652.2
652.24
652.281
652.321
652.361
652.401
652.441
652.481
652.521
652.561
652.601
652.641
652.681
652.721
652.76
652.8
652.84
652.879
652.919
652.958
652.997
653.037
653.076
653.115
653.155
653.194
653.233
653.272
653.311
653.35
653.389
653.427
653.466
653.505
653.544
653.582
653.621
653.659
653.698
653.736
653.775
653.813
653.851
653.889
653.928
653.966
654.004
654.042
654.08
654.118
654.155
654.193
654.231
654.269
654.306
654.344
654.382
654.419
654.456
654.494
654.531
654.568
654.606
654.643
654.68
654.717
654.754
654.791
654.828
654.865
654.902
654.939
654.975
655.012
655.049
655.085
655.122
655.158
655.195
655.231
655.267
655.303
655.34
655.376
655.412
655.448
655.484
655.52
655.556
655.592
655.628
655.663
655.699
655.735
655.77
655.806
655.841
655.877
655.912
655.947
655.983
656.018
656.053
656.088
656.123
656.158
656.193
656.228
656.263
656.298
656.333
656.367
656.402
656.437
656.471
656.506
656.54
656.575
656.609
656.643
656.678
656.712
656.746
656.78
656.814
656.848
656.882
656.916
656.95
656.984
657.017
657.051
657.085
657.118
657.152
657.185
657.219
657.252
657.286
657.319
657.352
657.385
657.418
657.451
657.484
657.517
657.55
657.583
657.616
657.649
657.682
657.714
657.747
657.779
657.812
657.844
657.877
657.909
657.941
657.974
658.006
658.038
658.07
658.102
658.134
660.63
663.079
665.433
667.69
669.85
671.913
673.88
675.752
677.531
679.218
680.816
682.327
683.754
685.1
686.367
687.558
688.677
689.726
690.709
691.628
692.487
693.288
694.035
694.73
695.376
695.976
696.532
697.047
697.524
697.965
698.371
698.746
699.092
699.409
699.701
699.969
700.214
700.439
700.645
700.832
701.004
701.16
701.303
701.432
701.55
701.658
701.755
701.844
701.924
701.997
702.063
702.124
702.178
702.228
702.274
702.315
702.353
702.388
702.42
702.45
702.478
702.504
702.528
702.551
702.573
702.594
702.614
702.633
702.652
702.67
702.689
702.707
702.725
702.743
702.761
702.779
702.797
702.815
702.834
702.853
702.872
702.891
702.911
702.931
702.951
702.971
702.992
703.013
703.035
703.057
703.079
703.101
703.124
703.147
703.17
703.194
703.218
703.241
703.266
703.29
703.315
703.339
703.364
703.389
703.415
703.44
703.466
703.491
703.517
703.543
703.569
703.595
703.621
703.647
703.673
703.699
703.726
703.752
703.778
703.805
703.831
703.858
703.884
703.91
703.937
703.963
703.99
704.016
704.042
704.069
704.095
704.121
704.147
704.174
704.2
704.226
704.252
704.278
704.304
704.33
704.356
704.382
704.407
704.433
704.459
704.484
704.51
704.535
704.561
704.586
704.612
704.637
704.662
704.687
704.713
704.738
704.763
704.788
704.812
704.837
704.862
704.887
704.911
704.936
704.961
704.985
705.009
705.034
705.058
705.082
705.107
705.131
705.155
705.179
705.203
705.227
705.25
705.274
705.298
705.322
705.345
705.369
705.392
705.416
705.439
705.462
705.486
705.509
705.532
705.555
705.578
705.601
705.624
705.647
705.669
705.692
705.715
705.737
705.76
705.782
705.805
705.827
705.849
705.872
705.894
705.916
705.938
705.96
705.982
706.004
706.026
706.048
706.069
706.091
706.113
706.134
706.156
706.177
706.199
706.22
706.241
706.262
706.284
706.305
706.326
706.347
706.368
706.388
706.409
706.43
706.451
706.471
706.492
706.512
706.533
706.553
706.574
706.594
706.614
706.634
706.654
706.674
706.694
706.714
706.734
706.754
706.774
706.794
706.813
706.833
706.852
706.872
706.891
706.911
706.93
706.949
706.968
706.987
707.006
707.026
707.044
707.063
707.082
707.101
707.12
707.138
707.157
707.176
707.194
707.212
707.231
707.249
707.267
707.286
707.304
707.322
707.34
707.358
707.376
707.394
707.411
707.429
707.447
707.465
707.482
707.5
707.517
707.534
707.552
707.569
707.586
707.603
707.621
707.638
707.655
707.672
707.688
707.705
707.722
707.739
664.647
622.363
581.739
542.808
505.578
470.044
436.192
404.001
373.444
344.486
317.09
291.212
266.807
243.826
222.219
201.936
182.922
165.124
148.49
132.967
118.5
105.039
92.5328
80.7696
69.7039
59.4549
49.9798
45.4282
45.4244
45.4206
45.4167
45.4129
45.4091
45.4053
45.4014
45.3976
45.3938
45.3899
45.3861
46.3553
48.3612
50.5089
52.8093
55.2577
53.74
52.2795
54.9107
53.5186
52.1787
54.9024
53.6053
52.3554
55.157
53.9297
52.7458
55.6139
54.4367
53.2999
56.2252
55.0827
49.9034
48.721
51.5057
54.3403
57.295
56.2152
51.0548
49.9211
52.7881
55.7019
54.6427
53.6163
56.6407
55.5835
50.4718
49.361
52.2258
55.1368
54.0964
53.0883
56.1086
55.0678
49.9928
48.8979
51.7586
54.6652
57.6882
56.6629
51.5408
50.4526
53.3748
56.3416
55.3118
50.2371
49.1498
52.0254
54.9465
53.9235
52.9322
55.9602
54.9333
49.8774
48.7949
51.6615
54.5737
57.6018
56.5849
51.4744
50.3938
53.3198
56.2901
55.266
50.1988
49.1164
51.9948
54.9184
53.8991
52.9113
55.9414
54.9172
49.8648
48.7848
51.6531
54.5668
57.5963
56.581
51.4724
50.3932
53.3203
56.2917
55.2686
50.2023
49.1208
52
54.9244
53.9057
52.9185
55.9492
54.9255
49.8732
48.7935
51.6624
54.5766
57.6066
56.5915
51.4827
50.4035
53.3312
56.303
55.2798
50.2132
49.1316
52.0112
54.936
53.9173
52.9299
55.961
54.9372
49.8844
48.8045
51.6737
54.5882
57.6185
56.6033
51.4938
50.4145
53.3424
56.3145
55.2912
50.2239
49.1422
52.022
54.9471
53.9281
52.9406
55.972
54.948
49.8945
48.8145
51.6839
54.5986
57.6291
56.6137
51.5037
50.4242
53.3523
56.3246
55.3011
50.2332
49.1513
52.0313
54.9565
53.9374
52.9498
55.9813
54.9571
49.9031
48.8229
51.6925
54.6073
57.6381
56.6225
51.5119
50.4323
53.3605
56.333
55.3093
50.241
49.1589
52.0391
54.9644
53.9452
52.9574
55.9891
54.9647
49.9103
48.83
51.6996
54.6146
57.6455
56.6298
51.5188
50.439
53.3674
56.34
55.3162
50.2475
49.1652
52.0455
54.971
53.9517
52.9637
55.9955
54.9711
49.9163
48.8358
51.7056
54.6207
57.6517
56.6359
51.5246
50.4446
53.3731
56.3458
55.3219
50.2529
49.1705
52.0509
54.9765
53.9571
52.969
56.0009
54.9764
49.9213
48.8407
51.7106
54.6258
57.6569
56.641
51.5294
50.4493
53.3779
56.3507
55.3267
50.2574
49.1749
52.0554
54.9811
53.9616
52.9734
56.0054
54.9808
49.9254
48.8448
51.7147
54.63
57.6612
56.6452
51.5334
50.4533
53.3819
56.3548
55.3307
50.2612
49.1786
52.0592
54.985
53.9653
52.9771
56.0092
54.9845
49.9289
48.8482
51.7182
54.6336
57.6649
56.6488
51.5367
50.4566
53.3853
56.3582
55.3341
50.2644
49.1818
52.0624
54.9882
53.9685
52.9803
56.0124
54.9876
49.9319
48.8511
51.7212
54.6366
57.668
56.6518
51.5396
50.4594
53.3882
56.3611
55.337
50.2671
49.1844
52.0651
54.991
53.9712
52.9829
56.0151
54.9903
49.9344
48.8536
51.7237
54.6392
57.6706
56.6544
51.542
50.4618
53.3906
56.3636
55.3394
50.2694
49.1867
52.0674
54.9933
53.9736
52.9852
56.0174
54.9926
49.9366
48.8557
51.7259
54.6414
57.6728
56.6566
51.5441
50.4638
53.3927
56.3658
55.3415
50.2713
49.1886
52.0694
54.9954
53.9755
52.9871
56.0194
54.9945
49.9384
48.8575
51.7277
54.6433
57.6748
56.6585
51.5459
50.4656
53.3945
56.3676
55.3433
50.2731
49.1903
52.0711
54.9971
53.9773
52.9888
56.0212
54.9963
49.94
48.8591
51.7293
54.6449
57.6764
56.6602
51.5475
50.4671
53.3961
56.3692
55.3449
50.2745
49.1918
52.0726
54.9986
53.9788
52.9903
56.0227
54.9977
49.9414
48.8605
51.7308
54.6464
57.6779
56.6616
51.5488
50.4685
53.3974
56.3706
55.3463
50.2759
49.1931
52.0739
55
53.9801
52.9916
56.024
54.9991
49.9427
48.8617
51.732
54.6477
57.6792
56.6629
51.5501
50.4697
53.3987
56.3719
55.3475
50.277
49.1942
52.0751
55.0012
53.9813
52.9928
56.0252
55.0002
49.9438
48.8628
51.7331
54.6488
53.6318
52.6463
55.6689
54.6476
49.6086
48.5321
51.394
54.3012
57.3242
56.3128
51.2183
50.1433
53.0647
56.0304
55.0114
49.9593
48.8823
51.7564
54.6758
53.6615
52.6786
55.7042
54.6849
49.6463
48.5713
51.4357
54.3455
57.3709
56.3602
51.2646
50.19
53.1135
56.0812
55.0623
50.0083
48.9311
51.807
54.728
53.7134
52.7301
55.7574
54.7376
49.6965
48.6208
51.4867
54.3978
57.4245
56.4131
51.3148
50.2395
53.1641
56.133
55.1133
50.0566
48.9786
51.8555
54.7776
53.7621
52.7781
55.8064
54.7857
49.7419
48.6654
51.5321
54.4442
57.4719
56.4596
51.3587
50.2825
53.208
56.1777
55.1572
50.098
49.0191
51.8968
54.8197
53.8034
52.8186
55.8477
54.8262
49.7801
48.7028
51.5702
54.4829
57.5114
56.4984
51.3952
50.3182
53.2445
56.2149
55.1937
50.1323
49.0527
51.931
54.8545
53.8376
52.852
55.8818
54.8597
49.8116
48.7336
51.6016
54.5149
57.544
56.5304
51.4253
50.3477
53.2745
56.2454
55.2236
50.1605
49.0803
51.9591
54.8831
53.8656
52.8795
55.9098
54.8872
49.8375
48.7589
51.6273
54.5411
57.5707
56.5566
51.45
50.3718
53.2991
56.2705
55.2482
50.1836
49.1029
51.9822
54.9066
53.8886
52.9021
55.9328
54.9097
49.8587
48.7796
51.6485
54.5626
53.5474
52.5637
55.5847
54.5652
49.5311
48.4563
51.3169
54.2228
57.2444
56.2345
51.1447
50.0713
52.9915
55.9559
54.9384
49.8906
48.8152
51.6882
54.6063
53.5934
52.612
55.6364
54.6185
49.5839
48.5102
51.3736
54.2823
57.3066
56.2972
51.2053
50.1321
53.0545
56.0211
55.0035
49.953
48.8771
51.7521
54.6721
53.6587
52.6766
55.7029
54.6842
49.6463
48.5718
51.4368
54.347
57.3729
56.3625
51.2672
50.1929
53.1168
56.0848
55.0661
50.0122
48.9353
51.8115
54.7328
53.7183
52.7351
55.7627
54.7429
49.7017
48.6261
51.4922
54.4035
57.4305
56.4191
51.3206
50.2453
53.1702
56.1392
55.1195
50.0625
48.9845
51.8616
54.7839
53.7684
52.7843
55.8128
54.7921
49.748
48.6715
51.5384
54.4506
57.4785
56.4662
51.3649
50.2886
53.2144
56.1843
55.1637
50.1041
49.0252
51.9031
54.8261
53.8098
52.8249
55.8542
54.8326
49.7862
48.7088
51.5764
54.4893
53.4755
52.4934
55.513
54.495
49.4651
48.3918
51.2512
54.156
57.1763
56.1678
51.082
50.01
52.9291
55.8923
54.8761
49.8321
48.7579
51.6299
54.547
53.5354
52.5551
55.5785
54.5618
49.5305
48.4581
51.3206
54.2284
57.2517
56.2433
51.1547
50.0826
53.0042
55.9699
54.9532
49.9058
48.831
51.7051
54.6243
53.6119
52.6308
55.6562
54.6385
49.6033
48.5298
51.3941
54.3036
57.3286
56.3192
51.2265
50.1531
53.0763
56.0436
55.0257
49.9743
48.8982
51.7737
54.6944
53.6806
52.6983
55.7252
54.7062
49.6672
48.5924
51.4579
54.3687
57.3951
56.3844
51.2879
50.2133
53.1377
56.1061
55.0871
50.0321
48.9548
51.8314
54.7532
53.7383
52.7549
55.7828
54.7628
49.7205
48.6445
51.511
54.4227
57.4501
56.4384
51.3388
50.2631
53.1884
56.1579
55.1378
50.0798
49.0015
51.879
54.8016
53.7858
52.8014
55.8303
54.8093
49.7642
48.6873
51.5546
54.4671
53.4538
52.4722
55.4915
54.4739
49.4452
48.3725
51.2316
54.136
57.156
56.1479
51.0633
49.9917
52.9105
55.8734
54.8576
49.8147
48.741
51.6127
54.5296
53.5183
52.5384
55.5615
54.5451
49.5149
48.4429
51.3051
54.2127
57.2357
56.2277
51.14
50.0682
52.9896
55.955
54.9388
49.8922
48.8177
51.6916
54.6106
53.5985
52.6177
55.6429
54.6255
49.5911
48.5179
51.382
54.2913
57.3162
56.307
51.215
50.142
53.0649
56.032
55.0145
49.9637
48.8879
51.7633
54.6838
53.6703
52.6882
55.7149
54.6962
49.6578
48.5833
51.4486
54.3592
57.3855
56.375
51.2791
50.2048
53.129
56.0973
55.0785
50.024
48.9469
51.8234
54.7451
53.7304
52.7472
55.775
54.7551
49.7133
48.6376
51.5039
54.4156
53.4034
52.4227
55.4411
54.4246
49.3989
48.3271
51.1854
54.0891
57.1082
56.1011
51.0192
49.9486
52.8666
55.8288
54.8139
49.7736
48.7008
51.5718
54.4879
53.4775
52.4985
55.5209
54.5053
49.4775
48.4063
51.2679
54.1748
57.1971
56.1899
51.1045
50.0335
52.9542
55.9191
54.9035
49.8591
48.7854
51.6587
54.5772
53.5657
52.5856
55.6102
54.5935
49.561
48.4885
51.3521
54.2609
57.2852
56.2766
51.1865
50.1141
53.0366
56.0032
54.9862
49.9371
48.8619
51.7369
54.6569
53.644
52.6625
55.6887
54.6705
49.6337
48.5597
51.4246
54.3349
53.3243
52.3452
55.3621
54.3472
49.3261
48.256
51.113
54.0153
57.033
56.0274
50.9499
49.8808
52.7976
55.7585
54.745
49.7088
48.6374
51.5073
54.4223
53.4132
52.4355
55.4567
54.4424
49.4183
48.3485
51.2091
54.1149
57.1361
56.1301
51.0482
49.9785
52.8982
55.862
54.8476
49.8065
48.734
51.6064
54.5239
53.5135
52.5345
55.5582
54.5425
49.5131
48.4417
51.3044
54.2123
57.2358
56.2282
51.1409
50.0695
52.9912
55.957
54.9409
49.8945
48.8203
51.6945
54.6138
53.6018
52.6211
55.6466
54.6293
49.5949
48.5218
51.3861
54.2956
53.2858
52.3076
55.3238
54.3096
49.2908
48.2214
51.0779
53.9796
56.9967
55.9918
50.9163
49.8481
52.7642
55.7245
54.7117
49.6775
48.6069
51.4762
54.3906
53.3822
52.4052
55.4258
54.4121
49.3899
48.3207
51.1808
54.0861
57.1068
56.1014
51.0212
49.9521
52.8713
55.8347
54.8208
49.7813
48.7094
51.5814
54.4984
53.4886
52.5101
55.5333
54.5181
49.4902
48.4193
51.2817
54.1892
57.2122
56.2051
51.1192
50.0483
52.9696
55.935
54.9195
49.8744
48.8006
51.6745
54.5934
53.5818
52.6016
55.6267
54.6098
49.5766
48.5039
51.3679
54.2771
53.2677
52.2899
55.3058
54.292
49.2742
48.2053
51.0614
53.9628
56.9796
55.9751
50.9006
49.8327
52.7486
55.7086
54.6962
49.6629
48.5927
51.4617
54.3759
53.3678
52.3911
55.4115
54.3981
49.3767
48.3078
51.1677
54.0728
57.0933
56.0881
51.0087
49.9399
52.859
55.8221
54.8086
49.7698
48.6981
51.5699
54.4868
53.4772
52.499
55.522
54.5071
49.4798
48.4092
51.2714
54.1787
57.2016
56.1947
51.1094
50.0388
52.9599
55.9252
54.9098
49.8653
48.7918
51.6655
54.5843
53.5729
52.5929
55.6178
54.6011
49.5685
48.496
51.3598
54.2689
53.2597
52.2821
55.2978
54.2842
49.2669
48.1982
51.0542
53.9555
56.9722
55.9678
50.8938
49.8261
52.7419
55.7018
54.6895
49.6567
48.5865
51.4555
54.3696
53.3616
52.3851
55.4054
54.3922
49.3711
48.3024
51.1622
54.0672
57.0876
56.0826
51.0035
49.9349
52.8538
55.8169
54.8035
49.765
48.6935
51.5652
54.482
53.4725
52.4944
55.5174
54.5026
49.4756
48.4051
51.2672
54.1745
53.1671
52.1913
55.2053
54.1935
49.1814
48.1146
50.969
53.8688
56.8838
55.8811
50.8122
49.7462
52.6605
55.6189
54.6083
49.5802
