0.1
1.074
0.76051
0.263312
0.667477
0.908722
0.601351
0.567819
0.80814
0.779855
0.651446
0.728998
0.806685
0.746529
0.727352
0.784969
0.790417
0.760182
0.774397
0.797456
0.787609
0.781392
0.795112
0.799674
0.793398
0.796065
0.802702
0.801841
0.800358
0.803728
0.805746
0.804751
0.805378
0.80731
0.807605
0.807402
0.808306
0.809081
0.809065
0.809289
0.80988
0.810127
0.810175
0.810455
0.810744
0.810833
0.810937
0.811134
0.81126
0.811319
0.81142
0.81153
0.81159
0.811641
0.811713
0.81177
0.811806
0.811847
0.81189
0.811921
0.811946
0.811974
0.811999
0.812017
0.812035
0.812053
0.812067
0.812079
0.81209
0.812101
0.81211
0.812117
0.812125
0.812131
0.812137
0.812142
0.812147
0.81215
0.812154
0.812157
0.81216
0.812162
0.812165
0.812167
0.812168
0.81217
0.812171
0.812173
0.812174
0.812175
0.812176
0.812176
0.812177
0.812178
0.812178
0.812179
0.812179
0.81218
0.81218
0.81218
0.812181
0.812181
0.812181
0.812181
0.812181
0.812182
0.812182
0.812182
0.812182
0.812182
0.812182
0.812182
0.812182
0.812182
0.812182
0.812182
0.812182
0.812182
0.812182
0.812182
0.812183
0.812183
0.812183
0.812183
0.812183
0.812183
0.812183
0.812183
0.812183
0.812183
0.812183
0.812183
0.812183
0.812183
0.812183
0.812183
0.812183
0.812183
0.812183
0.812183
0.812183
0.812183
0.812183
0.812183
0.812183
0.812183
0.812183
0.812183
0.812183
0.812183
