0.15
1.6035
1.05391
0.264976
0.872273
1.20471
0.700839
0.637631
0.989781
0.922332
0.710822
0.820906
0.926377
0.821025
0.784074
0.865061
0.864343
0.811114
0.828089
0.857957
0.837495
0.824125
0.841775
0.845127
0.832439
0.83416
0.842001
0.838434
0.834365
0.83798
0.839545
0.836674
0.836531
0.83847
0.837964
0.836841
0.837523
0.838053
0.837438
0.837279
0.837734
0.837698
0.837409
0.837522
0.837678
0.837555
0.83749
0.837592
0.837603
0.837533
0.837547
0.837589
0.837566
0.837546
0.837567
0.837574
0.837558
0.837558
0.837569
0.837565
0.837559
0.837564
0.837566
0.837563
0.837562
0.837564
0.837564
0.837563
0.837563
0.837564
0.837563
0.837563
0.837564
0.837564
0.837563
0.837563
0.837564
0.837563
0.837563
0.837563
0.837564
0.837563
0.837563
0.837563
0.837563
0.837563
0.837563
0.837563
0.837563
0.837563
0.837563
0.837563
0.837563
0.837563
0.837563
0.837563
0.837563
0.837563
0.837563
0.837563
0.837563
0.837563
0.837563
0.837563
0.837563
0.837563
0.837563
0.837563
0.837563
0.837563
0.837563
0.837563
0.837563
0.837563
0.837563
0.837563
0.837563
0.837563
0.837563
0.837563
0.837563
0.837563
0.837563
0.837563
0.837563
0.837563
0.837563
0.837563
0.837563
0.837563
0.837563
0.837563
0.837563
0.837563
0.837563
0.837563
0.837563
0.837563
0.837563
0.837563
0.837563
0.837563
0.837563
0.837563
0.837563
0.837563
0.837563
0.837563
0.837563
0.837563
