0
1.05745
3.18914
5.30404
7.41894
9.55062
11.6655
13.7804
15.8953
18.027
20.1419
22.2568
24.3885
26.5034
28.6183
30.7332
32.8649
34.9798
37.0947
39.2096
41.3413
43.4562
45.5711
47.686
49.8177
51.9326
54.0475
56.1624
58.294
60.4089
62.5238
64.6387
66.7536
68.8853
71.0002
73.1151
75.23
77.3449
79.4598
81.5915
83.7064
85.8213
87.9362
90.0511
92.166
94.2809
96.4126
98.5275
100.642
102.757
104.872
106.987
109.102
111.217
113.332
115.447
117.562
119.677
121.791
123.923
126.038
128.153
130.268
132.383
134.498
136.613
138.727
140.842
142.94
145.055
147.17
149.285
151.4
153.515
155.63
157.745
159.86
161.975
164.089
166.204
168.302
170.417
172.532
174.647
176.762
178.877
180.975
183.09
185.205
187.32
189.435
191.533
193.648
195.763
197.877
199.976
202.09
204.205
206.304
208.418
210.533
212.631
214.746
216.861
218.959
221.074
223.189
225.287
227.402
229.5
231.615
233.73
235.828
237.943
240.041
242.156
244.254
246.369
248.467
250.582
252.68
254.795
256.893
258.991
261.106
263.204
265.319
267.417
269.516
271.63
273.729
275.827
277.942
280.04
282.138
284.253
286.351
288.449
290.547
292.662
294.76
296.858
298.956
301.054
303.169
305.267
307.366
309.464
311.562
313.66
315.758
317.856
319.954
322.052
324.15
326.249
328.347
330.445
332.543
334.641
336.739
338.837
340.935
343.034
345.132
347.23
349.328
351.409
353.507
355.605
357.704
359.802
361.883
363.981
366.079
368.177
370.259
372.357
374.455
376.536
378.634
380.732
382.814
384.912
386.993
389.091
391.173
393.271
395.352
397.45
399.532
401.63
403.711
405.809
407.89
409.989
412.07
414.151
416.249
418.331
420.412
422.51
424.591
426.673
428.754
430.852
432.934
435.015
437.096
439.178
441.259
443.34
445.438
447.52
449.601
451.682
453.764
455.845
457.926
460.008
462.089
464.17
466.235
468.316
470.398
472.479
474.56
476.642
478.723
480.787
482.869
484.95
487.015
489.096
491.177
493.259
495.323
497.404
499.469
501.55
503.632
505.696
507.778
509.842
511.923
513.988
516.052
518.134
520.198
522.28
524.344
526.409
528.49
530.555
532.619
534.684
536.765
538.83
540.894
542.959
545.023
547.088
549.169
551.234
553.298
555.363
557.427
559.492
561.556
563.621
565.686
567.75
569.798
571.862
573.927
575.992
578.056
580.104
582.168
584.233
586.297
588.345
590.41
592.474
594.522
596.587
598.634
600.699
602.747
604.811
606.859
608.924
610.971
613.036
615.084
617.131
619.196
621.244
623.291
625.356
627.404
629.451
631.499
633.547
635.595
637.659
639.707
641.755
643.803
645.85
647.898
649.946
651.994
654.041
656.089
658.12
660.168
662.216
664.263
666.311
668.342
670.39
672.438
674.469
676.516
678.564
680.595
682.643
684.674
686.722
688.753
690.8
692.831
694.879
696.91
698.941
700.989
703.02
705.051
707.082
709.13
711.16
713.191
715.222
717.253
719.284
721.315
723.346
725.377
727.408
728.432
728.432
728.415
728.415
728.415
728.415
728.399
728.399
728.399
728.399
728.382
728.382
728.382
728.382
728.365
728.365
728.365
728.365
728.348
728.348
728.348
728.348
728.331
728.331
728.331
728.331
728.315
728.315
728.315
728.315
728.298
728.298
728.298
728.298
728.281
728.281
728.281
728.281
728.264
728.264
728.264
728.264
728.248
728.248
728.248
728.248
728.231
728.231
728.231
728.231
728.214
728.214
728.214
728.214
728.197
728.197
728.197
728.197
728.18
728.18
728.18
728.18
728.164
728.164
728.164
728.164
728.147
728.147
728.147
728.147
728.13
728.13
728.13
728.13
728.113
728.113
728.113
728.113
728.096
728.096
728.096
728.096
728.08
728.08
728.08
728.08
728.063
728.063
728.063
728.063
728.046
728.046
728.046
728.046
728.029
728.029
728.029
728.029
728.013
728.013
728.013
728.013
727.996
727.996
727.996
727.996
727.979
727.979
727.979
727.979
727.962
727.962
727.962
727.962
727.945
727.945
727.945
727.945
727.929
727.929
727.929
727.929
727.912
727.912
727.912
727.912
727.895
727.895
727.895
727.895
727.878
727.878
727.878
727.878
727.862
727.862
727.862
727.862
727.862
727.845
727.845
727.845
727.845
727.828
727.828
727.828
727.828
727.811
727.811
727.811
727.811
727.794
727.794
727.794
727.794
727.778
727.778
727.778
727.778
727.761
727.761
727.761
727.761
727.744
727.744
727.744
727.744
727.727
727.727
727.727
727.727
727.71
727.71
727.71
727.71
727.694
727.694
727.694
727.694
727.694
727.677
727.677
727.677
727.677
727.66
727.66
727.66
727.66
727.643
727.643
727.643
727.643
727.627
727.627
727.627
727.627
727.61
727.61
727.61
727.61
727.593
727.593
727.593
727.593
727.576
727.576
727.576
727.576
727.576
727.559
727.559
727.559
727.559
727.543
727.543
727.543
727.543
727.526
727.526
727.526
727.526
727.509
727.509
727.509
727.509
727.492
727.492
727.492
727.492
727.475
727.475
727.475
727.475
727.459
727.459
727.459
727.459
727.459
727.442
727.442
727.442
727.442
727.425
727.425
727.425
727.425
727.408
727.408
727.408
727.408
727.392
727.392
727.392
727.392
727.375
727.375
727.375
727.375
727.375
727.358
727.358
727.358
727.358
727.341
727.341
727.341
727.341
727.324
727.324
727.324
727.324
727.308
727.308
727.308
727.308
727.291
727.291
727.291
727.291
727.291
727.274
727.274
727.274
727.274
727.257
727.257
727.257
727.257
727.24
727.24
727.24
727.24
727.224
727.224
727.224
727.224
727.207
727.207
727.207
727.207
727.207
727.19
727.19
727.19
727.19
727.173
727.173
727.173
727.173
727.156
727.156
727.156
727.156
727.14
727.14
727.14
727.14
727.14
727.123
727.123
727.123
727.123
727.106
727.106
727.106
727.106
727.089
727.089
727.089
727.089
727.073
727.073
727.073
727.073
727.073
727.056
727.056
727.056
727.056
727.039
727.039
727.039
727.039
727.022
727.022
727.022
727.022
727.022
727.005
727.005
727.005
727.005
726.989
726.989
726.989
726.989
726.972
726.972
726.972
726.972
726.955
726.955
726.955
726.955
726.955
726.938
726.938
726.938
726.938
726.922
726.922
726.922
726.922
726.905
726.905
726.905
726.905
726.905
726.888
726.888
726.888
726.888
726.871
726.871
726.871
726.871
726.854
726.854
726.854
726.854
726.854
726.838
726.838
726.838
726.838
726.821
726.821
726.821
726.821
726.804
726.804
726.804
726.804
726.804
726.787
726.787
726.787
726.787
726.77
726.77
726.77
726.77
726.754
726.754
726.754
726.754
726.754
726.737
726.737
726.737
726.737
726.72
726.72
726.72
726.72
726.703
726.703
726.703
726.703
726.703
726.687
726.687
726.687
726.687
726.67
726.67
726.67
726.67
726.653
726.653
726.653
726.653
726.653
726.636
726.636
726.636
726.636
726.619
726.619
726.619
726.619
726.619
726.603
726.603
726.603
726.603
726.586
726.586
726.586
726.586
726.569
726.569
726.569
726.569
726.569
726.552
726.552
726.552
726.552
726.535
726.535
726.535
726.535
726.519
726.519
726.519
726.519
726.519
726.502
726.502
726.502
726.502
726.485
726.485
726.485
726.485
726.485
726.468
726.468
726.468
726.468
726.452
726.452
726.452
726.452
726.452
726.435
726.435
726.435
726.435
726.418
726.418
726.418
726.418
726.401
726.401
726.401
726.401
726.401
726.384
726.384
726.384
726.384
726.368
726.368
726.368
726.368
726.368
726.351
726.351
726.351
726.351
726.334
726.334
726.334
726.334
726.334
726.317
726.317
726.317
726.317
726.3
726.3
726.3
726.3
726.3
726.284
726.284
726.284
726.284
726.267
726.267
726.267
726.267
726.267
726.25
726.25
726.25
726.25
726.233
726.233
726.233
726.233
726.217
726.217
726.217
726.217
726.217
726.2
726.2
726.2
726.2
726.183
726.183
726.183
726.183
726.183
726.166
726.166
726.166
726.166
726.149
726.149
726.149
726.149
726.149
726.133
726.133
726.133
726.133
726.116
726.116
726.116
726.116
726.116
726.099
726.099
726.099
726.099
726.099
726.082
726.082
726.082
726.082
726.065
726.065
726.065
726.065
726.065
726.049
726.049
726.049
726.049
726.032
726.032
726.032
726.032
726.032
726.015
726.015
726.015
726.015
725.998
725.998
725.998
725.998
725.998
725.982
725.982
725.982
725.982
725.965
725.965
725.965
725.965
725.965
725.948
725.948
725.948
725.948
725.931
725.931
725.931
725.931
725.931
725.914
725.914
725.914
725.914
725.914
725.898
725.898
725.898
725.898
725.881
725.881
725.881
725.881
725.881
