0
0.124971
0.376898
0.626841
0.878767
1.12871
1.38064
1.63058
1.88251
2.13245
2.38437
2.63432
2.88624
3.13619
3.38811
3.63806
3.88998
4.13993
4.39185
4.64179
4.89372
5.14366
5.39559
5.64553
5.89746
6.1474
6.39735
6.64927
6.89921
7.15114
7.40108
7.65301
7.90295
8.15289
8.40482
8.65476
8.90471
9.15663
9.40658
9.6585
9.90845
10.1584
10.4103
10.6603
10.9102
11.1621
11.4121
11.662
11.9139
12.1639
12.4138
12.6658
12.9157
13.1656
13.4156
13.6675
13.9174
14.1674
14.4173
14.6693
14.9192
15.1691
15.4191
15.669
15.921
16.1709
16.4208
16.6708
16.9207
17.1727
17.4226
17.6725
17.9225
18.1724
18.4224
18.6723
18.9223
19.1742
19.4241
19.6741
19.924
20.174
20.4239
20.6738
20.9238
21.1737
21.4237
21.6736
21.9236
22.1735
22.4234
22.6734
22.9233
23.1733
23.4232
23.6732
23.9231
24.173
24.423
24.6709
24.9209
25.1708
25.4208
25.6707
25.9207
26.1706
26.4186
26.6685
26.9184
27.1684
27.4183
27.6663
27.9162
28.1662
28.4161
28.6641
28.914
29.164
29.4119
29.6619
29.9118
30.1598
30.4097
30.6596
30.9076
31.1575
31.4075
31.6555
31.9054
32.1534
32.4033
32.6513
32.9012
33.1492
33.3991
33.6471
33.897
34.145
34.3949
34.6429
34.8928
35.1408
35.3887
35.6387
35.8866
36.1346
36.3845
36.6325
36.8804
37.1304
37.3783
37.6263
37.8763
38.1242
38.3722
38.6201
38.8681
39.118
39.366
39.6139
39.8619
40.1099
40.3578
40.6058
40.8557
41.1037
41.3516
41.5996
41.8476
42.0955
42.3435
42.5914
42.8394
43.0874
43.3353
43.5833
43.8293
44.0772
44.3252
44.5731
44.8211
45.069
45.317
45.563
45.8109
46.0589
46.3069
46.5528
46.8008
47.0488
47.2947
47.5427
47.7906
48.0366
48.2846
48.5325
48.7785
49.0265
49.2724
49.5204
49.7664
50.0143
50.2603
50.5083
50.7543
51.0022
51.2482
51.4942
51.7421
51.9881
52.2341
52.482
52.728
52.974
53.2219
53.4679
53.7139
53.9599
54.2058
54.4538
54.6998
54.9458
55.1917
55.4377
55.6837
55.9297
56.1756
56.4216
56.6676
56.9136
57.1595
57.4055
57.6515
57.8975
58.1434
58.3894
58.6334
58.8794
59.1254
59.3713
59.6173
59.8613
60.1073
60.3532
60.5972
60.8432
61.0892
61.3332
61.5792
61.8251
62.0691
62.3151
62.5591
62.8051
63.0491
63.295
63.539
63.783
64.029
64.273
64.517
64.763
65.0069
65.2509
65.4969
65.7409
65.9849
66.2289
66.4729
66.7188
66.9628
67.2068
67.4508
67.6948
67.9388
68.1828
68.4268
68.6708
68.9148
69.1588
69.4028
69.6468
69.8907
70.1328
70.3767
70.6207
70.8647
71.1067
71.3507
71.5947
71.8387
72.0807
72.3247
72.5667
72.8107
73.0547
73.2967
73.5407
73.7827
74.0267
74.2687
74.5107
74.7547
74.9967
75.2387
75.4827
75.7247
75.9667
76.2107
76.4527
76.6947
76.9368
77.1788
77.4208
77.6628
77.9068
78.1488
78.3908
78.6328
78.8748
79.1148
79.3568
79.5988
79.8409
80.0829
80.3249
80.5669
80.8069
81.0489
81.2909
81.5309
81.7729
82.015
82.255
82.497
82.737
82.979
83.219
83.4611
83.7011
83.9431
84.1831
84.4251
84.6651
84.9052
85.1472
85.3872
85.6272
85.8672
86.1073
86.2283
86.2283
86.2263
86.2263
86.2263
86.2263
86.2243
86.2243
86.2243
86.2243
86.2223
86.2223
86.2223
86.2223
86.2203
86.2203
86.2203
86.2203
86.2184
86.2184
86.2184
86.2184
86.2164
86.2164
86.2164
86.2164
86.2144
86.2144
86.2144
86.2144
86.2124
86.2124
86.2124
86.2124
86.2104
86.2104
86.2104
86.2104
86.2084
86.2084
86.2084
86.2084
86.2065
86.2065
86.2065
86.2065
86.2045
86.2045
86.2045
86.2045
86.2025
86.2025
86.2025
86.2025
86.2005
86.2005
86.2005
86.2005
86.1985
86.1985
86.1985
86.1985
86.1965
86.1965
86.1965
86.1965
86.1945
86.1945
86.1945
86.1945
86.1926
86.1926
86.1926
86.1926
86.1906
86.1906
86.1906
86.1906
86.1886
86.1886
86.1886
86.1886
86.1866
86.1866
86.1866
86.1866
86.1846
86.1846
86.1846
86.1846
86.1826
86.1826
86.1826
86.1826
86.1807
86.1807
86.1807
86.1807
86.1787
86.1787
86.1787
86.1787
86.1767
86.1767
86.1767
86.1767
86.1747
86.1747
86.1747
86.1747
86.1727
86.1727
86.1727
86.1727
86.1707
86.1707
86.1707
86.1707
86.1688
86.1688
86.1688
86.1688
86.1668
86.1668
86.1668
86.1668
86.1648
86.1648
86.1648
86.1648
86.1628
86.1628
86.1628
86.1628
86.1608
86.1608
86.1608
86.1608
86.1588
86.1588
86.1588
86.1588
86.1569
86.1569
86.1569
86.1569
86.1569
86.1549
86.1549
86.1549
86.1549
86.1529
86.1529
86.1529
86.1529
86.1509
86.1509
86.1509
86.1509
86.1489
86.1489
86.1489
86.1489
86.1469
86.1469
86.1469
86.1469
86.145
86.145
86.145
86.145
86.143
86.143
86.143
86.143
86.141
86.141
86.141
86.141
86.139
86.139
86.139
86.139
86.137
86.137
86.137
86.137
86.137
86.135
86.135
86.135
86.135
86.1331
86.1331
86.1331
86.1331
86.1311
86.1311
86.1311
86.1311
86.1291
86.1291
86.1291
86.1291
86.1271
86.1271
86.1271
86.1271
86.1251
86.1251
86.1251
86.1251
86.1231
86.1231
86.1231
86.1231
86.1231
86.1212
86.1212
86.1212
86.1212
86.1192
86.1192
86.1192
86.1192
86.1172
86.1172
86.1172
86.1172
86.1152
86.1152
86.1152
86.1152
86.1132
86.1132
86.1132
86.1132
86.1112
86.1112
86.1112
86.1112
86.1093
86.1093
86.1093
86.1093
86.1093
86.1073
86.1073
86.1073
86.1073
86.1053
86.1053
86.1053
86.1053
86.1033
86.1033
86.1033
86.1033
86.1013
86.1013
86.1013
86.1013
86.0993
86.0993
86.0993
86.0993
86.0993
86.0974
86.0974
86.0974
86.0974
86.0954
86.0954
86.0954
86.0954
86.0934
86.0934
86.0934
86.0934
86.0914
86.0914
86.0914
86.0914
86.0894
86.0894
86.0894
86.0894
86.0894
86.0874
86.0874
86.0874
86.0874
86.0854
86.0854
86.0854
86.0854
86.0835
86.0835
86.0835
86.0835
86.0815
86.0815
86.0815
86.0815
86.0815
86.0795
86.0795
86.0795
86.0795
86.0775
86.0775
86.0775
86.0775
86.0755
86.0755
86.0755
86.0755
86.0735
86.0735
86.0735
86.0735
86.0716
86.0716
86.0716
86.0716
86.0716
86.0696
86.0696
86.0696
86.0696
86.0676
86.0676
86.0676
86.0676
86.0656
86.0656
86.0656
86.0656
86.0656
86.0636
86.0636
86.0636
86.0636
86.0616
86.0616
86.0616
86.0616
86.0597
86.0597
86.0597
86.0597
86.0577
86.0577
86.0577
86.0577
86.0577
86.0557
86.0557
86.0557
86.0557
86.0537
86.0537
86.0537
86.0537
86.0517
86.0517
86.0517
86.0517
86.0497
86.0497
86.0497
86.0497
86.0497
86.0478
86.0478
86.0478
86.0478
86.0458
86.0458
86.0458
86.0458
86.0438
86.0438
86.0438
86.0438
86.0438
86.0418
86.0418
86.0418
86.0418
86.0398
86.0398
86.0398
86.0398
86.0378
86.0378
86.0378
86.0378
86.0378
86.0359
86.0359
86.0359
86.0359
86.0339
86.0339
86.0339
86.0339
86.0319
86.0319
86.0319
86.0319
86.0319
86.0299
86.0299
86.0299
86.0299
86.0279
86.0279
86.0279
86.0279
86.0259
86.0259
86.0259
86.0259
86.0259
86.024
86.024
86.024
86.024
86.022
86.022
86.022
86.022
86.02
86.02
86.02
86.02
86.02
86.018
86.018
86.018
86.018
86.016
86.016
86.016
86.016
86.014
86.014
86.014
86.014
86.014
86.0121
86.0121
86.0121
86.0121
86.0101
86.0101
86.0101
86.0101
86.0101
86.0081
86.0081
86.0081
86.0081
86.0061
86.0061
86.0061
86.0061
86.0041
86.0041
86.0041
86.0041
86.0041
86.0021
86.0021
86.0021
86.0021
86.0002
86.0002
86.0002
86.0002
86.0002
85.9982
85.9982
85.9982
85.9982
85.9962
85.9962
85.9962
85.9962
85.9942
85.9942
85.9942
85.9942
85.9942
85.9922
85.9922
85.9922
85.9922
85.9902
85.9902
85.9902
85.9902
85.9902
85.9883
85.9883
85.9883
85.9883
85.9863
85.9863
85.9863
85.9863
85.9863
85.9843
85.9843
85.9843
85.9843
85.9823
85.9823
85.9823
85.9823
85.9803
85.9803
85.9803
85.9803
85.9803
85.9783
85.9783
85.9783
85.9783
85.9763
85.9763
85.9763
85.9763
85.9763
85.9744
85.9744
85.9744
85.9744
85.9724
85.9724
85.9724
85.9724
85.9724
85.9704
85.9704
85.9704
85.9704
85.9684
85.9684
85.9684
85.9684
85.9684
85.9664
85.9664
85.9664
85.9664
85.9644
85.9644
85.9644
85.9644
85.9644
85.9625
85.9625
85.9625
85.9625
85.9605
85.9605
85.9605
85.9605
85.9605
85.9585
85.9585
85.9585
85.9585
85.9565
85.9565
85.9565
85.9565
85.9565
85.9545
85.9545
85.9545
85.9545
85.9525
85.9525
85.9525
85.9525
85.9525
85.9506
85.9506
85.9506
85.9506
85.9486
85.9486
85.9486
85.9486
85.9486
85.9466
85.9466
85.9466
85.9466
85.9446
85.9446
85.9446
85.9446
85.9446
85.9426
85.9426
85.9426
85.9426
85.9406
85.9406
85.9406
85.9406
85.9406
85.9387
85.9387
85.9387
85.9387
85.9367
85.9367
85.9367
85.9367
85.9367
85.9347
85.9347
85.9347
85.9347
85.9327
85.9327
85.9327
85.9327
85.9327
85.9307
85.9307
85.9307
85.9307
85.9307
85.9287
85.9287
85.9287
85.9287
85.9268
85.9268
85.9268
85.9268
85.9268
85.9248
